1.449275389313697815e-02
4.032257944345474243e-03
5.000000000000000000e-01
2.380952425301074982e-02
4.566209856420755386e-03
1.000000000000000000e+00
1.000000000000000000e+00
9.615384973585605621e-03
7.692307978868484497e-02
5.128205288201570511e-03
1.000000000000000000e+00
1.694915257394313812e-02
2.000000029802322388e-01
3.333333432674407959e-01
1.000000000000000000e+00
4.545454680919647217e-02
1.999999955296516418e-02
9.999999776482582092e-03
2.000000029802322388e-01
3.508772002533078194e-03
3.448275849223136902e-02
2.500000000000000000e-01
8.771929889917373657e-03
1.041666697710752487e-02
6.250000000000000000e-02
4.854368977248668671e-03
2.500000000000000000e-01
1.000000000000000000e+00
3.154574194923043251e-03
4.739336669445037842e-03
5.434782709926366806e-03
4.366812296211719513e-03
1.666666716337203979e-01
5.000000000000000000e-01
3.030303120613098145e-02
4.347826167941093445e-02
1.204819232225418091e-02
9.090909361839294434e-02
2.272727340459823608e-02
1.000000000000000000e+00
2.500000000000000000e-01
1.351351384073495865e-02
1.408450677990913391e-02
5.000000000000000000e-01
5.000000000000000000e-01
5.000000000000000000e-01
1.037344452925026417e-03
1.000000000000000000e+00
1.000000000000000000e+00
3.333333432674407959e-01
5.747126415371894836e-03
4.566209856420755386e-03
1.000000000000000000e+00
5.000000000000000000e-01
3.048780374228954315e-03
4.504504613578319550e-03
3.333333432674407959e-01
6.097560748457908630e-03
1.030927803367376328e-02
6.250000093132257462e-03
6.711409427225589752e-03
3.846153989434242249e-02
3.846153989434242249e-02
4.166666790843009949e-02
5.154639016836881638e-03
3.703703731298446655e-02
4.166666790843009949e-02
2.500000000000000000e-01
1.754385977983474731e-02
1.428571492433547974e-01
3.355704713612794876e-03
1.428571492433547974e-01
3.508772002533078194e-03
1.428571492433547974e-01
5.747126415371894836e-03
1.000000000000000000e+00
5.000000000000000000e-01
5.000000000000000000e-01
1.428571492433547974e-01
5.000000000000000000e-01
2.000000029802322388e-01
5.988024175167083740e-03
2.000000029802322388e-01
1.000000000000000000e+00
1.369863003492355347e-02
1.785714365541934967e-02
7.142857462167739868e-02
5.555555596947669983e-02
6.250000000000000000e-02
6.250000000000000000e-02
7.142857462167739868e-02
6.666667014360427856e-02
6.666667014360427856e-02
7.692307978868484497e-02
1.111111119389533997e-01
3.496503457427024841e-03
1.030927803367376328e-02
8.771929889917373657e-03
4.237288143485784531e-03
5.000000074505805969e-02
4.716981202363967896e-03
3.278688527643680573e-03
5.000000000000000000e-01
5.000000000000000000e-01
1.000000000000000000e+00
2.000000029802322388e-01
2.500000000000000000e-01
3.846153989434242249e-02
2.941176481544971466e-02
7.142857462167739868e-02
1.250000000000000000e-01
5.263157933950424194e-02
3.521126694977283478e-03
4.000000189989805222e-03
1.666666716337203979e-01
1.000000000000000000e+00
1.016260124742984772e-03
5.555555596947669983e-02
1.428571492433547974e-01
1.428571492433547974e-01
2.000000029802322388e-01
2.000000029802322388e-01
4.545454680919647217e-02
4.132231231778860092e-03
3.333333432674407959e-01
1.204819232225418091e-02
1.428571492433547974e-01
5.555555596947669983e-02
1.250000000000000000e-01
1.428571492433547974e-01
3.333333432674407959e-01
8.333333581686019897e-02
1.000000000000000000e+00
5.050505045801401138e-03
3.333333432674407959e-01
2.631578966975212097e-02
5.524862091988325119e-03
3.115264698863029480e-03
2.941176481544971466e-02
3.225806355476379395e-02
5.882352963089942932e-02
3.205128246918320656e-03
4.830917809158563614e-03
4.694835748523473740e-03
3.921568859368562698e-03
1.111111119389533997e-01
1.000000000000000000e+00
7.142857462167739868e-02
5.555555596947669983e-02
4.761904850602149963e-02
7.142857462167739868e-02
4.347826167941093445e-02
3.731343196704983711e-03
3.215434029698371887e-03
3.436426166445016861e-03
3.436426166445016861e-03
3.048780374228954315e-03
2.500000000000000000e-01
1.265822816640138626e-02
3.558718832209706306e-03
3.460207721218466759e-03
4.115226212888956070e-03
6.666667014360427856e-02
5.000000000000000000e-01
1.250000000000000000e-01
1.250000000000000000e-01
1.250000000000000000e-01
1.250000000000000000e-01
1.250000000000000000e-01
3.703703731298446655e-02
1.639344170689582825e-02
5.000000074505805969e-02
3.937007859349250793e-03
5.649717524647712708e-03
3.367003286257386208e-03
2.949852496385574341e-03
1.000000000000000000e+00
5.000000000000000000e-01
1.219512149691581726e-02
9.345794096589088440e-03
1.219512149691581726e-02
8.130080997943878174e-03
9.900989942252635956e-03
1.111111119389533997e-01
4.651162773370742798e-03
1.250000000000000000e-01
2.500000000000000000e-01
5.000000000000000000e-01
5.882352963089942932e-02
6.250000000000000000e-02
3.215434029698371887e-03
7.092198356986045837e-03
3.831417532637715340e-03
4.016064107418060303e-03
3.558718832209706306e-03
4.065040498971939087e-03
3.663003677502274513e-03
3.921568859368562698e-03
3.773584961891174316e-03
3.846153849735856056e-03
3.984063863754272461e-03
2.500000000000000000e-01
3.831417532637715340e-03
4.830917809158563614e-03
2.380952425301074982e-02
4.016064107418060303e-03
5.263157933950424194e-02
3.436426166445016861e-03
3.508772002533078194e-03
4.545454680919647217e-02
3.333333432674407959e-01
3.333333432674407959e-01
1.851851865649223328e-02
9.090908803045749664e-03
7.692307978868484497e-02
6.250000093132257462e-03
1.013171277008950710e-03
2.000000029802322388e-01
2.631578966975212097e-02
1.000000000000000000e+00
1.000000000000000000e+00
1.250000000000000000e-01
1.666666753590106964e-02
1.428571492433547974e-01
1.021450501866638660e-03
3.333333432674407959e-01
4.566209856420755386e-03
4.761904850602149963e-02
5.555555690079927444e-03
3.846153989434242249e-02
3.937007859349250793e-03
3.225806402042508125e-03
3.144653979688882828e-03
6.250000000000000000e-02
4.926108289510011673e-03
1.428571436554193497e-02
1.449275389313697815e-02
1.408450677990913391e-02
1.449275389313697815e-02
1.282051298767328262e-02
4.347826167941093445e-02
1.428571492433547974e-01
1.428571492433547974e-01
1.428571492433547974e-01
1.428571492433547974e-01
1.428571492433547974e-01
1.428571492433547974e-01
1.428571492433547974e-01
6.896551698446273804e-03
9.523809887468814850e-03
9.803921915590763092e-03
1.136363670229911804e-02
7.462686393409967422e-03
9.708737954497337341e-03
1.428571492433547974e-01
8.771929889917373657e-03
3.521126694977283478e-03
6.410256493836641312e-03
4.366812296211719513e-03
1.250000000000000000e-01
4.524887073785066605e-03
3.846153989434242249e-02
3.846153989434242249e-02
3.846153989434242249e-02
3.846153989434242249e-02
3.846153989434242249e-02
3.846153989434242249e-02
3.846153989434242249e-02
3.846153989434242249e-02
3.846153989434242249e-02
3.846153989434242249e-02
3.846153989434242249e-02
3.846153989434242249e-02
3.703703731298446655e-02
3.703703731298446655e-02
3.703703731298446655e-02
3.703703731298446655e-02
3.703703731298446655e-02
3.703703731298446655e-02
3.846153989434242249e-02
3.703703731298446655e-02
3.703703731298446655e-02
3.846153989434242249e-02
3.703703731298446655e-02
3.703703731298446655e-02
3.846153989434242249e-02
3.846153989434242249e-02
3.472222248092293739e-03
5.952381063252687454e-03
6.329114083200693130e-03
4.545454401522874832e-03
4.901960957795381546e-03
4.854368977248668671e-03
4.901960957795381546e-03
5.076142027974128723e-03
2.500000000000000000e-01
1.018329989165067673e-03
1.072961371392011642e-03
2.499999944120645523e-03
1.666666716337203979e-01
2.500000000000000000e-01
2.500000000000000000e-01
2.500000000000000000e-01
1.075268816202878952e-02
8.333333581686019897e-02
5.263157933950424194e-02
1.666666716337203979e-01
4.545454680919647217e-02
5.263157933950424194e-02
5.000000074505805969e-02
2.500000000000000000e-01
6.250000000000000000e-02
3.508772002533078194e-03
3.424657508730888367e-03
3.610108280554413795e-03
3.003003075718879700e-03
2.000000029802322388e-01
7.692307978868484497e-02
5.555555596947669983e-02
3.846153989434242249e-02
4.761904850602149963e-02
1.031991792842745781e-03
4.545454680919647217e-02
5.555555596947669983e-02
4.347826167941093445e-02
4.347826167941093445e-02
4.464285913854837418e-03
2.500000000000000000e-01
5.000000074505805969e-02
1.000000000000000000e+00
3.597122384235262871e-03
7.692307978868484497e-02
1.515151560306549072e-02
1.818181760609149933e-02
3.999999910593032837e-02
6.060605868697166443e-03
5.555555596947669983e-02
5.235602147877216339e-03
1.999999955296516418e-02
1.538461539894342422e-02
1.538461539894342422e-02
1.428571492433547974e-01
5.025125574320554733e-03
9.756097570061683655e-04
1.016260124742984772e-03
4.761904850602149963e-02
2.631578966975212097e-02
5.208333488553762436e-03
7.142857462167739868e-02
7.142857462167739868e-02
7.692307978868484497e-02
7.692307978868484497e-02
5.000000074505805969e-02
5.000000074505805969e-02
3.921568859368562698e-03
3.921568859368562698e-03
3.067484591156244278e-03
3.115264698863029480e-03
3.205128246918320656e-03
3.012048080563545227e-03
3.164557041600346565e-03
3.105590119957923889e-03
1.000000000000000000e+00
3.875968977808952332e-03
9.090909361839294434e-02
1.015228452160954475e-03
3.058104077354073524e-03
3.058104077354073524e-03
5.263157933950424194e-02
1.016260124742984772e-03
1.250000000000000000e-01
2.000000029802322388e-01
4.761904850602149963e-02
1.250000000000000000e-01
7.142857462167739868e-02
3.333333432674407959e-01
3.333333432674407959e-01
5.076142027974128723e-03
8.695651777088642120e-03
7.042253389954566956e-03
3.215434029698371887e-03
1.070663798600435257e-03
1.015228452160954475e-03
4.347826167941093445e-02
3.086419776082038879e-03
6.711409427225589752e-03
6.666666828095912933e-03
5.000000000000000000e-01
1.000000000000000000e+00
3.164557041600346565e-03
3.144653979688882828e-03
5.747126415371894836e-03
3.076923079788684845e-03
4.587155766785144806e-03
3.164557041600346565e-03
3.311258275061845779e-03
9.523809887468814850e-03
3.703703638166189194e-03
3.344481578096747398e-03
3.623188473284244537e-03
3.344481578096747398e-03
5.000000000000000000e-01
5.000000000000000000e-01
3.831417532637715340e-03
1.075268816202878952e-02
1.075268816202878952e-02
1.015228452160954475e-03
1.015228452160954475e-03
1.041666697710752487e-02
3.846153849735856056e-03
5.524862091988325119e-03
3.472222248092293739e-03
3.496503457427024841e-03
3.472222248092293739e-03
3.472222248092293739e-03
3.533568931743502617e-03
3.533568931743502617e-03
3.267973894253373146e-03
3.367003286257386208e-03
3.521126694977283478e-03
1.022494863718748093e-03
1.016260124742984772e-03
1.014198758639395237e-03
2.564102597534656525e-02
7.874015718698501587e-03
7.142857182770967484e-03
5.882352963089942932e-02
4.166666883975267410e-03
8.547008968889713287e-03
3.584229387342929840e-03
3.584229387342929840e-03
4.878048785030841827e-03
3.030302934348583221e-03
1.666666716337203979e-01
5.405405536293983459e-03
4.784688819199800491e-03
4.385964944958686829e-03
4.385964944958686829e-03
3.584229387342929840e-03
8.333333581686019897e-02
1.000000000000000000e+00
3.225806355476379395e-02
6.172839552164077759e-03
3.676470601931214333e-03
5.405405536293983459e-03
3.921568859368562698e-03
3.846153849735856056e-03
3.937007859349250793e-03
3.787878900766372681e-03
5.319148767739534378e-03
3.571428591385483742e-03
3.546099178493022919e-03
3.546099178493022919e-03
3.623188473284244537e-03
3.355704713612794876e-03
3.623188473284244537e-03
4.149377811700105667e-03
4.115226212888956070e-03
3.891050582751631737e-03
3.875968977808952332e-03
4.166666883975267410e-03
4.115226212888956070e-03
3.952569328248500824e-03
3.952569328248500824e-03
3.058104077354073524e-03
3.773584961891174316e-03
3.184713423252105713e-03
4.878048785030841827e-03
4.629629664123058319e-03
4.587155766785144806e-03
4.629629664123058319e-03
5.128205288201570511e-03
5.154639016836881638e-03
6.493506487458944321e-03
2.500000000000000000e-01
3.144653979688882828e-03
3.257328877225518227e-03
4.694835748523473740e-03
3.278688527643680573e-03
3.424657508730888367e-03
1.010101009160280228e-02
8.064515888690948486e-03
2.941176481544971466e-02
4.201680887490510941e-03
4.166666883975267410e-03
5.617977585643529892e-03
5.291005130857229233e-03
5.586592014878988266e-03
5.555555690079927444e-03
5.524862091988325119e-03
3.984063863754272461e-03
3.597122384235262871e-03
3.533568931743502617e-03
3.676470601931214333e-03
3.636363660916686058e-03
3.649635007604956627e-03
3.610108280554413795e-03
3.597122384235262871e-03
3.289473708719015121e-03
3.289473708719015121e-03
3.289473708719015121e-03
3.257328877225518227e-03
3.289473708719015121e-03
3.289473708719015121e-03
4.784688819199800491e-03
4.784688819199800491e-03
4.255319014191627502e-03
3.952569328248500824e-03
4.672897048294544220e-03
4.784688819199800491e-03
4.184100311249494553e-03
4.184100311249494553e-03
3.745318390429019928e-03
3.367003286257386208e-03
3.412969177588820457e-03
4.098360426723957062e-03
3.690036945044994354e-03
3.401360474526882172e-03
3.690036945044994354e-03
3.745318390429019928e-03
3.690036945044994354e-03
3.690036945044994354e-03
3.154574194923043251e-03
3.174603218212723732e-03
4.115226212888956070e-03
5.263158120214939117e-03
4.201680887490510941e-03
4.098360426723957062e-03
4.405286163091659546e-03
4.807692486792802811e-03
6.289307959377765656e-03
1.149425283074378967e-02
4.032257944345474243e-03
4.132231231778860092e-03
4.016064107418060303e-03
3.937007859349250793e-03
4.032257944345474243e-03
3.861003788188099861e-03
4.219409078359603882e-03
3.759398590773344040e-03
3.968254197388887405e-03
4.184100311249494553e-03
3.717472078278660774e-03
4.149377811700105667e-03
3.906250000000000000e-03
3.891050582751631737e-03
3.861003788188099861e-03
3.802281338721513748e-03
3.906250000000000000e-03
3.546099178493022919e-03
3.787878900766372681e-03
3.597122384235262871e-03
3.636363660916686058e-03
5.347593687474727631e-03
5.347593687474727631e-03
3.164557041600346565e-03
3.194888122379779816e-03
3.649635007604956627e-03
6.896551698446273804e-03
2.564102597534656525e-02
4.524887073785066605e-03
1.666666716337203979e-01
3.533568931743502617e-03
3.533568931743502617e-03
2.040816284716129303e-02
5.555555690079927444e-03
8.333333767950534821e-03
8.333333767950534821e-03
1.666666716337203979e-01
2.500000000000000000e-01
2.500000000000000000e-01
1.666666716337203979e-01
3.225806355476379395e-02
2.500000000000000000e-01
2.500000000000000000e-01
2.500000000000000000e-01
3.460207721218466759e-03
1.000000000000000000e+00
1.666666716337203979e-01
2.941176481544971466e-02
1.017294009216129780e-03
1.016260124742984772e-03
1.013171277008950710e-03
4.347826167941093445e-02
1.013171277008950710e-03
1.019367948174476624e-03
1.012145774438977242e-03
1.017294009216129780e-03
1.018329989165067673e-03
1.030927873216569424e-03
1.017294009216129780e-03
1.013171277008950710e-03
1.015228452160954475e-03
1.013171277008950710e-03
1.024590106680989265e-03
1.015228452160954475e-03
1.015228452160954475e-03
1.013171277008950710e-03
1.017294009216129780e-03
1.015228452160954475e-03
1.428571492433547974e-01
1.015228452160954475e-03
1.015228452160954475e-03
1.015228452160954475e-03
1.015228452160954475e-03
1.015228452160954475e-03
1.014198758639395237e-03
1.014198758639395237e-03
1.015228452160954475e-03
1.015228452160954475e-03
1.013171277008950710e-03
1.024590106680989265e-03
1.016260124742984772e-03
1.016260124742984772e-03
1.015228452160954475e-03
1.014198758639395237e-03
1.019367948174476624e-03
1.014198758639395237e-03
1.015228452160954475e-03
1.016260124742984772e-03
1.013171277008950710e-03
1.015228452160954475e-03
1.014198758639395237e-03
1.015228452160954475e-03
1.014198758639395237e-03
1.015228452160954475e-03
1.014198758639395237e-03
1.014198758639395237e-03
1.013171277008950710e-03
1.014198758639395237e-03
1.004016026854515076e-03
1.017294009216129780e-03
1.014198758639395237e-03
1.014198758639395237e-03
1.014198758639395237e-03
1.015228452160954475e-03
1.013171277008950710e-03
1.015228452160954475e-03
1.013171277008950710e-03
1.015228452160954475e-03
1.013171277008950710e-03
1.012145774438977242e-03
1.013171277008950710e-03
1.015228452160954475e-03
1.013171277008950710e-03
1.013171277008950710e-03
1.022494863718748093e-03
1.015228452160954475e-03
1.016260124742984772e-03
1.016260124742984772e-03
1.015228452160954475e-03
1.018329989165067673e-03
1.014198758639395237e-03
1.013171277008950710e-03
1.016260124742984772e-03
1.014198758639395237e-03
1.014198758639395237e-03
1.014198758639395237e-03
1.014198758639395237e-03
1.013171277008950710e-03
1.014198758639395237e-03
1.013171277008950710e-03
1.014198758639395237e-03
1.013171277008950710e-03
1.014198758639395237e-03
1.013171277008950710e-03
1.014198758639395237e-03
1.014198758639395237e-03
1.016260124742984772e-03
1.014198758639395237e-03
1.014198758639395237e-03
1.014198758639395237e-03
9.587727836333215237e-04
1.014198758639395237e-03
1.015228452160954475e-03
1.013171277008950710e-03
1.014198758639395237e-03
1.015228452160954475e-03
1.012145774438977242e-03
1.013171277008950710e-03
1.014198758639395237e-03
1.013171277008950710e-03
1.014198758639395237e-03
1.016260124742984772e-03
1.013171277008950710e-03
1.014198758639395237e-03
1.015228452160954475e-03
1.015228452160954475e-03
1.015228452160954475e-03
1.013171277008950710e-03
1.013171277008950710e-03
1.015228452160954475e-03
1.015228452160954475e-03
1.013171277008950710e-03
1.015228452160954475e-03
1.014198758639395237e-03
1.014198758639395237e-03
1.015228452160954475e-03
1.015228452160954475e-03
1.015228452160954475e-03
1.015228452160954475e-03
1.014198758639395237e-03
1.014198758639395237e-03
1.014198758639395237e-03
1.013171277008950710e-03
1.014198758639395237e-03
1.014198758639395237e-03
1.014198758639395237e-03
1.015228452160954475e-03
1.013171277008950710e-03
1.015228452160954475e-03
1.015228452160954475e-03
1.013171277008950710e-03
1.013171277008950710e-03
1.014198758639395237e-03
1.013171277008950710e-03
1.014198758639395237e-03
1.015228452160954475e-03
1.015228452160954475e-03
1.015228452160954475e-03
1.014198758639395237e-03
1.013171277008950710e-03
1.013171277008950710e-03
1.013171277008950710e-03
1.013171277008950710e-03
1.015228452160954475e-03
1.014198758639395237e-03
1.014198758639395237e-03
1.015228452160954475e-03
1.014198758639395237e-03
1.014198758639395237e-03
1.013171277008950710e-03
1.014198758639395237e-03
1.014198758639395237e-03
1.014198758639395237e-03
1.014198758639395237e-03
1.013171277008950710e-03
1.013171277008950710e-03
1.013171277008950710e-03
1.016260124742984772e-03
1.015228452160954475e-03
1.013171277008950710e-03
1.014198758639395237e-03
1.015228452160954475e-03
1.014198758639395237e-03
1.014198758639395237e-03
1.015228452160954475e-03
1.018329989165067673e-03
1.015228452160954475e-03
1.015228452160954475e-03
1.015228452160954475e-03
1.015228452160954475e-03
1.013171277008950710e-03
1.015228452160954475e-03
1.013171277008950710e-03
1.014198758639395237e-03
1.015228452160954475e-03
1.013171277008950710e-03
1.013171277008950710e-03
1.014198758639395237e-03
1.015228452160954475e-03
1.015228452160954475e-03
1.014198758639395237e-03
1.013171277008950710e-03
1.013171277008950710e-03
1.013171277008950710e-03
1.013171277008950710e-03
1.014198758639395237e-03
1.014198758639395237e-03
1.016260124742984772e-03
1.015228452160954475e-03
1.013171277008950710e-03
1.015228452160954475e-03
1.015228452160954475e-03
1.014198758639395237e-03
1.015228452160954475e-03
1.014198758639395237e-03
1.015228452160954475e-03
1.015228452160954475e-03
1.013171277008950710e-03
1.015228452160954475e-03
1.014198758639395237e-03
1.013171277008950710e-03
1.013171277008950710e-03
1.014198758639395237e-03
1.015228452160954475e-03
1.014198758639395237e-03
1.015228452160954475e-03
1.015228452160954475e-03
1.013171277008950710e-03
1.013171277008950710e-03
1.015228452160954475e-03
1.015228452160954475e-03
1.013171277008950710e-03
1.013171277008950710e-03
1.013171277008950710e-03
1.013171277008950710e-03
1.014198758639395237e-03
1.013171277008950710e-03
1.014198758639395237e-03
1.014198758639395237e-03
1.016260124742984772e-03
1.016260124742984772e-03
1.013171277008950710e-03
1.013171277008950710e-03
1.017294009216129780e-03
1.013171277008950710e-03
1.013171277008950710e-03
1.014198758639395237e-03
1.015228452160954475e-03
1.014198758639395237e-03
1.014198758639395237e-03
1.016260124742984772e-03
1.014198758639395237e-03
1.015228452160954475e-03
1.015228452160954475e-03
1.015228452160954475e-03
1.014198758639395237e-03
1.013171277008950710e-03
1.014198758639395237e-03
1.014198758639395237e-03
1.015228452160954475e-03
1.015228452160954475e-03
1.013171277008950710e-03
1.013171277008950710e-03
1.013171277008950710e-03
1.014198758639395237e-03
1.015228452160954475e-03
1.013171277008950710e-03
1.015228452160954475e-03
1.014198758639395237e-03
1.012145774438977242e-03
1.014198758639395237e-03
1.015228452160954475e-03
1.014198758639395237e-03
1.013171277008950710e-03
1.014198758639395237e-03
1.015228452160954475e-03
1.013171277008950710e-03
1.013171277008950710e-03
1.013171277008950710e-03
1.016260124742984772e-03
1.013171277008950710e-03
1.015228452160954475e-03
1.013171277008950710e-03
1.015228452160954475e-03
1.015228452160954475e-03
1.013171277008950710e-03
1.014198758639395237e-03
1.015228452160954475e-03
1.014198758639395237e-03
1.015228452160954475e-03
1.015228452160954475e-03
1.016260124742984772e-03
1.015228452160954475e-03
1.015228452160954475e-03
1.015228452160954475e-03
1.012145774438977242e-03
1.015228452160954475e-03
1.015228452160954475e-03
1.014198758639395237e-03
1.013171277008950710e-03
1.015228452160954475e-03
1.014198758639395237e-03
1.015228452160954475e-03
1.014198758639395237e-03
1.013171277008950710e-03
1.013171277008950710e-03
1.013171277008950710e-03
1.013171277008950710e-03
1.014198758639395237e-03
1.013171277008950710e-03
1.012145774438977242e-03
1.014198758639395237e-03
1.013171277008950710e-03
1.014198758639395237e-03
1.013171277008950710e-03
1.013171277008950710e-03
1.013171277008950710e-03
1.013171277008950710e-03
1.015228452160954475e-03
1.013171277008950710e-03
1.013171277008950710e-03
1.017294009216129780e-03
1.016260124742984772e-03
1.016260124742984772e-03
1.014198758639395237e-03
1.015228452160954475e-03
1.015228452160954475e-03
1.015228452160954475e-03
1.016260124742984772e-03
1.013171277008950710e-03
1.013171277008950710e-03
1.013171277008950710e-03
1.014198758639395237e-03
1.015228452160954475e-03
1.015228452160954475e-03
1.013171277008950710e-03
1.014198758639395237e-03
1.013171277008950710e-03
1.014198758639395237e-03
1.014198758639395237e-03
1.013171277008950710e-03
1.014198758639395237e-03
1.013171277008950710e-03
1.013171277008950710e-03
1.014198758639395237e-03
1.015228452160954475e-03
1.015228452160954475e-03
1.015228452160954475e-03
1.015228452160954475e-03
1.014198758639395237e-03
1.013171277008950710e-03
1.013171277008950710e-03
1.015228452160954475e-03
1.014198758639395237e-03
1.013171277008950710e-03
1.014198758639395237e-03
1.015228452160954475e-03
1.013171277008950710e-03
1.015228452160954475e-03
1.013171277008950710e-03
1.013171277008950710e-03
1.015228452160954475e-03
1.015228452160954475e-03
1.013171277008950710e-03
1.013171277008950710e-03
1.015228452160954475e-03
1.015228452160954475e-03
1.015228452160954475e-03
1.015228452160954475e-03
1.013171277008950710e-03
1.014198758639395237e-03
1.014198758639395237e-03
1.014198758639395237e-03
1.013171277008950710e-03
1.013171277008950710e-03
1.013171277008950710e-03
1.013171277008950710e-03
1.014198758639395237e-03
1.014198758639395237e-03
1.015228452160954475e-03
1.022494863718748093e-03
1.015228452160954475e-03
1.015228452160954475e-03
1.015228452160954475e-03
1.017294009216129780e-03
1.014198758639395237e-03
1.014198758639395237e-03
1.015228452160954475e-03
1.013171277008950710e-03
1.014198758639395237e-03
1.013171277008950710e-03
1.013171277008950710e-03
1.014198758639395237e-03
1.013171277008950710e-03
1.015228452160954475e-03
1.013171277008950710e-03
1.013171277008950710e-03
1.015228452160954475e-03
1.013171277008950710e-03
1.015228452160954475e-03
1.015228452160954475e-03
1.015228452160954475e-03
1.015228452160954475e-03
1.015228452160954475e-03
1.013171277008950710e-03
1.013171277008950710e-03
1.013171277008950710e-03
1.013171277008950710e-03
1.015228452160954475e-03
1.014198758639395237e-03
1.013171277008950710e-03
1.013171277008950710e-03
1.013171277008950710e-03
1.015228452160954475e-03
1.014198758639395237e-03
1.015228452160954475e-03
1.015228452160954475e-03
1.013171277008950710e-03
1.013171277008950710e-03
1.013171277008950710e-03
1.015228452160954475e-03
1.013171277008950710e-03
1.013171277008950710e-03
1.013171277008950710e-03
1.014198758639395237e-03
1.015228452160954475e-03
1.013171277008950710e-03
1.015228452160954475e-03
1.013171277008950710e-03
1.015228452160954475e-03
1.013171277008950710e-03
1.013171277008950710e-03
1.013171277008950710e-03
1.015228452160954475e-03
1.014198758639395237e-03
1.013171277008950710e-03
1.013171277008950710e-03
1.013171277008950710e-03
1.015228452160954475e-03
1.015228452160954475e-03
1.013171277008950710e-03
1.013171277008950710e-03
1.015228452160954475e-03
1.013171277008950710e-03
1.015228452160954475e-03
1.013171277008950710e-03
1.015228452160954475e-03
1.014198758639395237e-03
1.013171277008950710e-03
1.014198758639395237e-03
1.014198758639395237e-03
1.013171277008950710e-03
1.015228452160954475e-03
1.014198758639395237e-03
1.014198758639395237e-03
1.015228452160954475e-03
1.013171277008950710e-03
1.015228452160954475e-03
1.013171277008950710e-03
1.014198758639395237e-03
1.013171277008950710e-03
1.015228452160954475e-03
1.013171277008950710e-03
1.015228452160954475e-03
1.013171277008950710e-03
1.013171277008950710e-03
1.013171277008950710e-03
1.013171277008950710e-03
1.013171277008950710e-03
1.013171277008950710e-03
1.013171277008950710e-03
1.013171277008950710e-03
1.015228452160954475e-03
1.013171277008950710e-03
1.013171277008950710e-03
1.013171277008950710e-03
1.013171277008950710e-03
1.015228452160954475e-03
1.015228452160954475e-03
1.013171277008950710e-03
1.015228452160954475e-03
1.013171277008950710e-03
1.015228452160954475e-03
1.013171277008950710e-03
1.013171277008950710e-03
1.013171277008950710e-03
1.014198758639395237e-03
1.013171277008950710e-03
1.013171277008950710e-03
1.013171277008950710e-03
1.013171277008950710e-03
1.013171277008950710e-03
1.013171277008950710e-03
1.013171277008950710e-03
1.013171277008950710e-03
1.013171277008950710e-03
1.013171277008950710e-03
1.013171277008950710e-03
1.016260124742984772e-03
1.015228452160954475e-03
1.015228452160954475e-03
1.015228452160954475e-03
1.015228452160954475e-03
1.015228452160954475e-03
1.015228452160954475e-03
1.015228452160954475e-03
1.015228452160954475e-03
1.014198758639395237e-03
1.015228452160954475e-03
1.015228452160954475e-03
1.014198758639395237e-03
1.014198758639395237e-03
1.016260124742984772e-03
1.013171277008950710e-03
1.015228452160954475e-03
1.015228452160954475e-03
1.013171277008950710e-03
1.015228452160954475e-03
1.013171277008950710e-03
1.013171277008950710e-03
1.014198758639395237e-03
1.014198758639395237e-03
1.014198758639395237e-03
1.014198758639395237e-03
1.014198758639395237e-03
1.013171277008950710e-03
1.013171277008950710e-03
1.013171277008950710e-03
1.013171277008950710e-03
1.013171277008950710e-03
1.013171277008950710e-03
1.023541437461972237e-03
1.016260124742984772e-03
1.013171277008950710e-03
1.015228452160954475e-03
1.015228452160954475e-03
1.017294009216129780e-03
1.017294009216129780e-03
1.017294009216129780e-03
1.015228452160954475e-03
1.015228452160954475e-03
1.015228452160954475e-03
1.014198758639395237e-03
1.013171277008950710e-03
1.015228452160954475e-03
1.016260124742984772e-03
1.013171277008950710e-03
1.014198758639395237e-03
1.012145774438977242e-03
1.014198758639395237e-03
1.013171277008950710e-03
1.015228452160954475e-03
1.013171277008950710e-03
1.013171277008950710e-03
1.013171277008950710e-03
1.013171277008950710e-03
1.015228452160954475e-03
1.015228452160954475e-03
1.015228452160954475e-03
1.015228452160954475e-03
1.013171277008950710e-03
1.014198758639395237e-03
1.014198758639395237e-03
1.014198758639395237e-03
1.015228452160954475e-03
1.019367948174476624e-03
1.015228452160954475e-03
1.014198758639395237e-03
1.015228452160954475e-03
1.014198758639395237e-03
1.013171277008950710e-03
1.015228452160954475e-03
1.015228452160954475e-03
1.015228452160954475e-03
1.015228452160954475e-03
1.015228452160954475e-03
1.015228452160954475e-03
1.015228452160954475e-03
1.015228452160954475e-03
1.013171277008950710e-03
1.015228452160954475e-03
1.015228452160954475e-03
1.015228452160954475e-03
1.015228452160954475e-03
1.015228452160954475e-03
1.016260124742984772e-03
1.015228452160954475e-03
1.015228452160954475e-03
1.012145774438977242e-03
1.015228452160954475e-03
1.016260124742984772e-03
1.014198758639395237e-03
1.015228452160954475e-03
1.013171277008950710e-03
1.013171277008950710e-03
1.013171277008950710e-03
1.013171277008950710e-03
1.015228452160954475e-03
1.013171277008950710e-03
1.013171277008950710e-03
1.013171277008950710e-03
1.013171277008950710e-03
1.013171277008950710e-03
1.014198758639395237e-03
1.013171277008950710e-03
1.013171277008950710e-03
1.013171277008950710e-03
1.014198758639395237e-03
1.013171277008950710e-03
1.014198758639395237e-03
1.015228452160954475e-03
1.013171277008950710e-03
1.016260124742984772e-03
1.013171277008950710e-03
1.013171277008950710e-03
1.014198758639395237e-03
1.015228452160954475e-03
1.016260124742984772e-03
1.013171277008950710e-03
1.017294009216129780e-03
1.014198758639395237e-03
1.013171277008950710e-03
1.014198758639395237e-03
1.017294009216129780e-03
1.016260124742984772e-03
1.014198758639395237e-03
1.014198758639395237e-03
1.014198758639395237e-03
1.014198758639395237e-03
1.013171277008950710e-03
1.013171277008950710e-03
1.013171277008950710e-03
1.015228452160954475e-03
1.013171277008950710e-03
1.015228452160954475e-03
1.013171277008950710e-03
1.013171277008950710e-03
1.013171277008950710e-03
1.015228452160954475e-03
1.013171277008950710e-03
1.013171277008950710e-03
1.013171277008950710e-03
1.015228452160954475e-03
1.013171277008950710e-03
1.015228452160954475e-03
1.013171277008950710e-03
1.013171277008950710e-03
1.015228452160954475e-03
1.013171277008950710e-03
1.015228452160954475e-03
1.013171277008950710e-03
1.013171277008950710e-03
1.013171277008950710e-03
1.013171277008950710e-03
1.013171277008950710e-03
1.013171277008950710e-03
1.013171277008950710e-03
1.013171277008950710e-03
1.015228452160954475e-03
1.013171277008950710e-03
1.013171277008950710e-03
1.015228452160954475e-03
1.018329989165067673e-03
1.015228452160954475e-03
1.014198758639395237e-03
1.012145774438977242e-03
1.015228452160954475e-03
1.015228452160954475e-03
1.014198758639395237e-03
1.015228452160954475e-03
1.016260124742984772e-03
1.013171277008950710e-03
1.015228452160954475e-03
1.015228452160954475e-03
1.014198758639395237e-03
1.015228452160954475e-03
1.015228452160954475e-03
1.015228452160954475e-03
1.015228452160954475e-03
1.015228452160954475e-03
1.014198758639395237e-03
1.015228452160954475e-03
1.015228452160954475e-03
1.015228452160954475e-03
1.015228452160954475e-03
1.013171277008950710e-03
1.013171277008950710e-03
1.014198758639395237e-03
1.015228452160954475e-03
1.014198758639395237e-03
1.014198758639395237e-03
1.014198758639395237e-03
1.014198758639395237e-03
1.015228452160954475e-03
1.014198758639395237e-03
1.015228452160954475e-03
1.014198758639395237e-03
1.015228452160954475e-03
1.015228452160954475e-03
1.015228452160954475e-03
1.015228452160954475e-03
1.014198758639395237e-03
1.015228452160954475e-03
1.015228452160954475e-03
1.015228452160954475e-03
1.015228452160954475e-03
1.015228452160954475e-03
1.014198758639395237e-03
1.015228452160954475e-03
1.015228452160954475e-03
1.012145774438977242e-03
1.015228452160954475e-03
1.015228452160954475e-03
1.014198758639395237e-03
1.015228452160954475e-03
1.013171277008950710e-03
1.014198758639395237e-03
1.014198758639395237e-03
1.015228452160954475e-03
1.014198758639395237e-03
1.013171277008950710e-03
1.014198758639395237e-03
1.014198758639395237e-03
1.014198758639395237e-03
1.015228452160954475e-03
1.015228452160954475e-03
1.015228452160954475e-03
1.014198758639395237e-03
1.015228452160954475e-03
1.015228452160954475e-03
1.015228452160954475e-03
1.015228452160954475e-03
1.015228452160954475e-03
1.015228452160954475e-03
1.015228452160954475e-03
1.015228452160954475e-03
1.015228452160954475e-03
1.015228452160954475e-03
1.015228452160954475e-03
1.014198758639395237e-03
1.013171277008950710e-03
1.014198758639395237e-03
1.015228452160954475e-03
1.015228452160954475e-03
1.015228452160954475e-03
1.015228452160954475e-03
1.015228452160954475e-03
1.015228452160954475e-03
1.013171277008950710e-03
1.015228452160954475e-03
1.015228452160954475e-03
1.014198758639395237e-03
1.016260124742984772e-03
1.013171277008950710e-03
1.013171277008950710e-03
1.014198758639395237e-03
1.015228452160954475e-03
1.016260124742984772e-03
1.015228452160954475e-03
1.013171277008950710e-03
1.015228452160954475e-03
1.013171277008950710e-03
1.015228452160954475e-03
1.012145774438977242e-03
1.014198758639395237e-03
1.013171277008950710e-03
1.014198758639395237e-03
1.013171277008950710e-03
1.013171277008950710e-03
1.014198758639395237e-03
1.015228452160954475e-03
1.014198758639395237e-03
1.014198758639395237e-03
1.013171277008950710e-03
1.015228452160954475e-03
1.015228452160954475e-03
1.014198758639395237e-03
1.014198758639395237e-03
1.015228452160954475e-03
1.013171277008950710e-03
1.012145774438977242e-03
1.013171277008950710e-03
1.013171277008950710e-03
1.014198758639395237e-03
1.014198758639395237e-03
1.014198758639395237e-03
1.013171277008950710e-03
1.014198758639395237e-03
1.014198758639395237e-03
1.014198758639395237e-03
1.014198758639395237e-03
1.014198758639395237e-03
1.013171277008950710e-03
1.013171277008950710e-03
1.014198758639395237e-03
1.014198758639395237e-03
1.012145774438977242e-03
1.013171277008950710e-03
1.013171277008950710e-03
1.013171277008950710e-03
1.014198758639395237e-03
1.013171277008950710e-03
1.014198758639395237e-03
1.013171277008950710e-03
1.014198758639395237e-03
1.014198758639395237e-03
1.014198758639395237e-03
1.014198758639395237e-03
1.013171277008950710e-03
1.014198758639395237e-03
1.014198758639395237e-03
1.013171277008950710e-03
1.013171277008950710e-03
1.014198758639395237e-03
1.013171277008950710e-03
1.014198758639395237e-03
1.014198758639395237e-03
1.013171277008950710e-03
1.013171277008950710e-03
1.013171277008950710e-03
1.014198758639395237e-03
1.013171277008950710e-03
1.014198758639395237e-03
1.013171277008950710e-03
1.013171277008950710e-03
1.014198758639395237e-03
1.013171277008950710e-03
1.013171277008950710e-03
1.014198758639395237e-03
1.014198758639395237e-03
1.014198758639395237e-03
1.014198758639395237e-03
1.014198758639395237e-03
1.013171277008950710e-03
1.015228452160954475e-03
1.015228452160954475e-03
1.014198758639395237e-03
1.014198758639395237e-03
1.013171277008950710e-03
1.013171277008950710e-03
1.013171277008950710e-03
1.014198758639395237e-03
1.013171277008950710e-03
1.014198758639395237e-03
1.014198758639395237e-03
1.014198758639395237e-03
1.014198758639395237e-03
1.014198758639395237e-03
1.014198758639395237e-03
1.014198758639395237e-03
1.014198758639395237e-03
1.014198758639395237e-03
1.014198758639395237e-03
1.014198758639395237e-03
1.014198758639395237e-03
1.014198758639395237e-03
1.016260124742984772e-03
1.016260124742984772e-03
1.016260124742984772e-03
1.013171277008950710e-03
1.013171277008950710e-03
1.015228452160954475e-03
1.013171277008950710e-03
1.013171277008950710e-03
1.013171277008950710e-03
1.013171277008950710e-03
1.013171277008950710e-03
1.013171277008950710e-03
1.014198758639395237e-03
1.013171277008950710e-03
1.015228452160954475e-03
1.015228452160954475e-03
1.015228452160954475e-03
1.015228452160954475e-03
1.015228452160954475e-03
1.014198758639395237e-03
1.014198758639395237e-03
1.015228452160954475e-03
1.013171277008950710e-03
1.013171277008950710e-03
1.013171277008950710e-03
1.015228452160954475e-03
1.013171277008950710e-03
1.013171277008950710e-03
1.013171277008950710e-03
1.013171277008950710e-03
1.013171277008950710e-03
1.013171277008950710e-03
1.013171277008950710e-03
1.013171277008950710e-03
1.013171277008950710e-03
1.015228452160954475e-03
1.013171277008950710e-03
1.013171277008950710e-03
1.013171277008950710e-03
1.013171277008950710e-03
1.013171277008950710e-03
1.013171277008950710e-03
1.013171277008950710e-03
1.013171277008950710e-03
1.013171277008950710e-03
1.013171277008950710e-03
1.015228452160954475e-03
1.013171277008950710e-03
1.015228452160954475e-03
1.013171277008950710e-03
1.013171277008950710e-03
1.013171277008950710e-03
1.013171277008950710e-03
1.013171277008950710e-03
1.013171277008950710e-03
1.013171277008950710e-03
1.015228452160954475e-03
1.013171277008950710e-03
1.013171277008950710e-03
1.013171277008950710e-03
1.013171277008950710e-03
1.013171277008950710e-03
1.013171277008950710e-03
1.013171277008950710e-03
1.013171277008950710e-03
1.013171277008950710e-03
1.013171277008950710e-03
1.013171277008950710e-03
1.013171277008950710e-03
1.013171277008950710e-03
1.013171277008950710e-03
1.013171277008950710e-03
1.013171277008950710e-03
1.013171277008950710e-03
1.013171277008950710e-03
1.013171277008950710e-03
1.015228452160954475e-03
1.013171277008950710e-03
1.013171277008950710e-03
1.015228452160954475e-03
1.013171277008950710e-03
1.013171277008950710e-03
1.013171277008950710e-03
1.013171277008950710e-03
1.013171277008950710e-03
1.013171277008950710e-03
1.013171277008950710e-03
1.013171277008950710e-03
1.013171277008950710e-03
1.015228452160954475e-03
1.013171277008950710e-03
1.013171277008950710e-03
1.013171277008950710e-03
1.013171277008950710e-03
1.013171277008950710e-03
1.013171277008950710e-03
1.013171277008950710e-03
1.013171277008950710e-03
1.013171277008950710e-03
1.013171277008950710e-03
1.013171277008950710e-03
1.013171277008950710e-03
1.013171277008950710e-03
1.013171277008950710e-03
1.015228452160954475e-03
1.015228452160954475e-03
1.014198758639395237e-03
1.013171277008950710e-03
1.013171277008950710e-03
1.015228452160954475e-03
1.015228452160954475e-03
1.013171277008950710e-03
1.014198758639395237e-03
1.015228452160954475e-03
1.016260124742984772e-03
1.015228452160954475e-03
1.015228452160954475e-03
1.016260124742984772e-03
1.428571492433547974e-01
1.015228452160954475e-03
1.015228452160954475e-03
1.014198758639395237e-03
1.014198758639395237e-03
1.021450501866638660e-03
1.015228452160954475e-03
1.019367948174476624e-03
1.014198758639395237e-03
2.906976733356714249e-03
1.022494863718748093e-03
1.016260124742984772e-03
1.022494863718748093e-03
1.013171277008950710e-03
5.714285653084516525e-03
4.999999888241291046e-03
3.355704713612794876e-03
3.311258275061845779e-03
3.225806402042508125e-03
2.500000000000000000e-01
1.666666716337203979e-01
5.263157933950424194e-02
3.690036945044994354e-03
3.690036945044994354e-03
4.201680887490510941e-03
5.050505045801401138e-03
5.235602147877216339e-03
5.076142027974128723e-03
4.081632476300001144e-03
8.547008968889713287e-03
2.994012087583541870e-03
2.958579920232295990e-03
2.994012087583541870e-03
1.176470611244440079e-02
3.891050582751631737e-03
3.703703638166189194e-03
6.666667014360427856e-02
6.666667014360427856e-02
7.142857462167739868e-02
4.347826167941093445e-02
4.347826167941093445e-02
7.142857462167739868e-02
1.666666716337203979e-01
1.111111138015985489e-02
3.333333414047956467e-03
3.378378460183739662e-03
3.623188473284244537e-03
4.950494971126317978e-03
3.246753243729472160e-03
5.555555690079927444e-03
8.547008968889713287e-03
1.851851865649223328e-02
3.921568859368562698e-03
1.666666716337203979e-01
4.219409078359603882e-03
4.347826167941093445e-02
1.000000000000000000e+00
4.545454680919647217e-02
1.818181760609149933e-02
1.111111119389533997e-01
1.428571492433547974e-01
2.500000000000000000e-01
1.016260124742984772e-03
1.428571492433547974e-01
