3.236246062442660332e-03
2.415458904579281807e-03
6.944444496184587479e-03
3.802281338721513748e-03
2.227171557024121284e-03
1.000000000000000000e+00
1.000000000000000000e+00
1.000000000000000000e+00
3.289473708719015121e-03
3.003003075718879700e-03
1.000000000000000000e+00
2.267573727294802666e-03
3.571428731083869934e-02
2.341920277103781700e-03
2.754820976406335831e-03
3.389830468222498894e-03
3.891050582751631737e-03
3.584229387342929840e-03
3.021148033440113068e-03
2.673796843737363815e-03
3.225806355476379395e-02
1.972386613488197327e-03
2.923976629972457886e-03
3.333333432674407959e-01
3.278688527643680573e-03
3.039513714611530304e-03
9.505703346803784370e-04
8.271298720501363277e-04
2.298850566148757935e-03
1.204819232225418091e-02
1.763668376952409744e-03
1.000000000000000000e+00
2.439024392515420914e-03
2.304147463291883469e-03
2.298850566148757935e-03
5.813953466713428497e-03
5.000000000000000000e-01
1.307189580984413624e-03
1.036269473843276501e-03
1.398601452820003033e-03
9.910803055390715599e-04
2.433090005069971085e-03
2.518891589716076851e-03
1.763668376952409744e-03
2.770083025097846985e-03
3.436426166445016861e-03
1.204819232225418091e-02
1.204819232225418091e-02
2.288329415023326874e-03
5.847953259944915771e-03
1.000000000000000000e+00
2.083333395421504974e-02
3.952569328248500824e-03
1.745200715959072113e-03
7.220216793939471245e-04
1.000000000000000000e+00
9.090909361839294434e-02
2.004008041694760323e-03
1.739130471833050251e-03
2.717391354963183403e-03
2.141327597200870514e-03
1.742160296998918056e-03
7.288630004040896893e-04
7.987220305949449539e-04
4.926108289510011673e-03
4.926108289510011673e-03
5.376344081014394760e-03
1.347708865068852901e-03
1.000000000000000000e+00
8.445946150459349155e-04
2.652519848197698593e-03
2.000000029802322388e-01
2.597402548417448997e-03
2.890173345804214478e-03
2.092050155624747276e-03
4.237288143485784531e-03
2.232142956927418709e-03
5.000000000000000000e-01
5.000000000000000000e-01
3.921568859368562698e-03
7.692307699471712112e-04
3.333333432674407959e-01
3.333333432674407959e-01
3.333333432674407959e-01
2.518891589716076851e-03
1.555209979414939880e-03
1.434720237739384174e-03
1.976284664124250412e-03
8.952551288530230522e-04
2.500000000000000000e-01
2.398081589490175247e-03
2.551020355895161629e-03
7.633587811142206192e-03
6.369426846504211426e-03
8.771929889917373657e-03
6.802720949053764343e-03
8.403361774981021881e-03
8.620689623057842255e-03
8.130080997943878174e-03
1.129943528212606907e-03
8.333333581686019897e-02
2.604166744276881218e-03
2.217294881120324135e-03
2.785515272989869118e-03
2.439024392515420914e-03
1.265822793357074261e-03
2.197802299633622169e-03
2.257336396723985672e-03
1.992031931877136230e-03
3.333333432674407959e-01
3.333333432674407959e-01
3.333333432674407959e-01
3.215434029698371887e-03
2.801120514050126076e-03
1.000000000000000000e+00
1.956947147846221924e-03
2.277904422953724861e-03
1.379310386255383492e-03
3.322259057313203812e-03
2.127659507095813751e-03
2.207505516707897186e-03
2.024291548877954483e-03
9.960159659385681152e-04
1.000000000000000000e+00
9.643201483413577080e-04
2.680965233594179153e-03
1.792114693671464920e-03
1.552795059978961945e-03
3.205128246918320656e-03
3.164557041600346565e-03
8.680555620230734348e-04
8.424599654972553253e-04
2.680965233594179153e-03
9.259259095415472984e-04
1.000000000000000000e+00
1.097694854252040386e-03
1.063829753547906876e-03
1.257861615158617496e-03
8.665511268191039562e-04
2.000000029802322388e-01
1.470588240772485733e-02
1.626016222871840000e-03
1.564945210702717304e-03
2.375297015532851219e-03
1.104972325265407562e-03
1.984127098694443703e-03
1.968503929674625397e-03
2.369668334722518921e-03
2.222222276031970978e-03
2.004008041694760323e-03
1.108647440560162067e-03
2.531645586714148521e-03
2.544529270380735397e-03
2.066115615889430046e-03
2.409638604149222374e-03
2.421307610347867012e-03
2.398081589490175247e-03
2.801120514050126076e-03
1.000000000000000000e+00
4.310344811528921127e-03
4.739336669445037842e-03
1.035196706652641296e-03
2.277904422953724861e-03
1.162790693342685699e-03
1.980198081582784653e-03
2.169197425246238708e-03
2.183406148105859756e-03
2.183406148105859756e-03
1.988071482628583908e-03
2.252252306789159775e-03
2.183406148105859756e-03
2.293577883392572403e-03
2.277904422953724861e-03
1.972386613488197327e-03
7.716049440205097198e-04
8.771929889917373657e-03
4.587155766785144806e-03
4.587155766785144806e-03
3.558718832209706306e-03
6.756756920367479324e-03
7.246376946568489075e-03
9.066183120012283325e-04
2.457002410665154457e-03
3.533568931743502617e-03
2.227171557024121284e-03
7.710100035183131695e-04
2.074688905850052834e-03
1.869158935733139515e-03
1.000000000000000000e+00
2.188183832913637161e-03
2.293577883392572403e-03
2.109704539179801941e-03
2.409638604149222374e-03
2.145922742784023285e-03
2.272727200761437416e-03
3.115264698863029480e-03
2.178649185225367546e-03
2.217294881120324135e-03
1.000000000000000000e+00
1.666666716337203979e-01
2.380952471867203712e-03
2.375297015532851219e-03
2.057613106444478035e-03
2.188183832913637161e-03
1.964636612683534622e-03
1.834862399846315384e-03
1.838235300965607166e-03
1.923076924867928028e-03
1.697792904451489449e-03
1.375515828840434551e-03
1.941747614182531834e-03
1.862197415903210640e-03
1.675041858106851578e-03
2.352941082790493965e-03
1.379310386255383492e-03
7.199423853307962418e-04
2.732240362092852592e-03
2.202643081545829773e-03
3.115264698863029480e-03
2.331002382561564445e-03
2.331002382561564445e-03
2.590673509985208511e-03
2.597402548417448997e-03
2.785515272989869118e-03
2.336448524147272110e-03
2.188183832913637161e-03
7.710100035183131695e-04
2.403846243396401405e-03
1.237623742781579494e-03
2.375297015532851219e-03
3.649635007604956627e-03
5.000000000000000000e-01
5.000000000000000000e-01
1.408450677990913391e-02
2.717391354963183403e-03
3.472222248092293739e-03
6.968640955165028572e-04
9.433962404727935791e-04
2.364066196605563164e-03
2.840909175574779510e-03
2.074688905850052834e-03
2.155172405764460564e-03
1.173708937130868435e-03
1.166861155070364475e-03
1.926782308146357536e-03
3.584229387342929840e-03
1.298701274208724499e-03
2.645502565428614616e-03
2.659574383869767189e-03
2.659574383869767189e-03
2.666666638106107712e-03
2.680965233594179153e-03
2.538071013987064362e-03
1.428571492433547974e-01
1.428571492433547974e-01
1.428571492433547974e-01
1.428571492433547974e-01
1.428571492433547974e-01
1.428571492433547974e-01
1.428571492433547974e-01
2.375297015532851219e-03
2.832861151546239853e-03
2.801120514050126076e-03
2.915452001616358757e-03
2.272727200761437416e-03
2.702702768146991730e-03
2.631579060107469559e-03
2.309468807652592659e-03
2.314814832061529160e-03
2.283104928210377693e-03
2.358490601181983948e-03
2.604166744276881218e-03
2.237136475741863251e-03
4.484305158257484436e-03
4.484305158257484436e-03
4.366812296211719513e-03
4.608294926583766937e-03
4.484305158257484436e-03
4.065040498971939087e-03
5.154639016836881638e-03
3.546099178493022919e-03
4.484305158257484436e-03
4.484305158257484436e-03
4.484305158257484436e-03
4.366812296211719513e-03
4.149377811700105667e-03
1.305483048781752586e-03
1.305483048781752586e-03
1.718213083222508430e-03
1.683501643128693104e-03
1.683501643128693104e-03
2.272727200761437416e-03
1.683501643128693104e-03
1.567398081533610821e-03
2.493765670806169510e-03
1.683501643128693104e-03
4.385964944958686829e-03
2.493765670806169510e-03
2.493765670806169510e-03
2.222222276031970978e-03
1.626016222871840000e-03
1.706484588794410229e-03
2.409638604149222374e-03
2.433090005069971085e-03
2.427184488624334335e-03
2.433090005069971085e-03
2.403846243396401405e-03
1.436781603842973709e-03
9.310987079516053200e-04
9.496675920672714710e-04
1.114827231504023075e-03
8.064516005106270313e-04
8.071024785749614239e-04
8.554320083931088448e-04
7.836990407668054104e-04
1.890359213575720787e-03
3.300330135971307755e-03
3.278688527643680573e-03
4.587155766785144806e-03
3.246753243729472160e-03
3.460207721218466759e-03
2.217294881120324135e-03
4.950494971126317978e-03
1.219512196257710457e-03
2.336448524147272110e-03
2.164502162486314774e-03
2.207505516707897186e-03
1.424501417204737663e-03
2.695417730137705803e-03
5.714285653084516525e-03
3.610108280554413795e-03
1.213592244312167168e-03
8.741258643567562103e-04
7.763975299894809723e-04
2.083333441987633705e-03
4.115226212888956070e-03
4.424778744578361511e-03
4.424778744578361511e-03
1.060445443727076054e-03
1.075268816202878952e-02
2.403846243396401405e-03
1.000000014901161194e-01
1.172332908026874065e-03
2.217294881120324135e-03
2.506265649572014809e-03
2.793296007439494133e-03
3.144653979688882828e-03
1.886792480945587158e-03
2.949852496385574341e-03
2.036659978330135345e-03
2.197802299633622169e-03
2.105263061821460724e-03
2.105263061821460724e-03
3.030302934348583221e-03
7.315289112739264965e-04
7.112375460565090179e-04
9.157509193755686283e-04
3.496503457427024841e-03
3.508772002533078194e-03
8.726003579795360565e-04
1.133786863647401333e-03
1.057082437910139561e-03
1.067235833033919334e-03
2.032520249485969543e-03
9.587727836333215237e-04
9.569377871230244637e-04
2.222222276031970978e-03
2.222222276031970978e-03
1.941747614182531834e-03
2.004008041694760323e-03
1.862197415903210640e-03
1.748251728713512421e-03
1.858736039139330387e-03
1.848428859375417233e-03
1.000000000000000000e+00
2.074688905850052834e-03
5.235602147877216339e-03
9.372071363031864166e-04
2.024291548877954483e-03
2.036659978330135345e-03
1.972386613488197327e-03
7.012622663751244545e-04
2.659574383869767189e-03
2.958579920232295990e-03
9.276437922380864620e-04
1.118568237870931625e-03
2.688172040507197380e-03
3.134796163067221642e-03
2.444987883791327477e-03
2.673796843737363815e-03
2.577319508418440819e-03
2.762431045994162560e-03
2.070393413305282593e-03
9.842519648373126984e-04
9.319664677605032921e-04
7.936508045531809330e-04
1.996007980778813362e-03
1.945525291375815868e-03
1.760563347488641739e-03
2.040816284716129303e-02
1.180637511424720287e-03
2.070393413305282593e-03
1.901140669360756874e-03
1.538461539894342422e-03
2.012072363868355751e-03
7.132667815312743187e-04
2.004008041694760323e-03
2.024291548877954483e-03
3.546099178493022919e-03
2.100840443745255470e-03
2.024291548877954483e-03
2.100840443745255470e-03
2.024291548877954483e-03
1.724137924611568451e-02
1.000000000000000000e+00
1.228501205332577229e-03
2.309468807652592659e-03
2.309468807652592659e-03
9.302325779572129250e-04
9.140768088400363922e-04
1.712328754365444183e-03
1.599999959580600262e-03
2.364066196605563164e-03
2.040816238150000572e-03
2.028397517278790474e-03
2.040816238150000572e-03
2.040816238150000572e-03
1.890359213575720787e-03
1.890359213575720787e-03
2.141327597200870514e-03
2.207505516707897186e-03
1.477104844525456429e-03
6.963788182474672794e-04
9.416195680387318134e-04
9.267840650863945484e-04
2.747252816334366798e-03
2.262443536892533302e-03
2.192982472479343414e-03
4.504504613578319550e-03
1.070663798600435257e-03
8.136696415022015572e-04
8.771930006332695484e-04
8.771930006332695484e-04
2.202643081545829773e-03
1.228501205332577229e-03
2.262443536892533302e-03
2.028397517278790474e-03
1.438848907127976418e-03
1.459853956475853920e-03
7.132667815312743187e-04
2.066115615889430046e-03
1.642036135308444500e-03
1.000000000000000000e+00
2.403846243396401405e-03
2.197802299633622169e-03
1.926782308146357536e-03
1.106194686144590378e-03
1.642036135308444500e-03
1.562500023283064365e-03
8.488964522257447243e-04
7.473841542378067970e-04
2.092050155624747276e-03
1.545595005154609680e-03
1.557632349431514740e-03
1.557632349431514740e-03
1.207729452289640903e-03
1.457726000808179379e-03
1.879699295386672020e-03
1.984127098694443703e-03
2.016128972172737122e-03
1.964636612683534622e-03
1.960784429684281349e-03
2.053388161584734917e-03
2.016128972172737122e-03
2.028397517278790474e-03
1.953125000000000000e-03
1.937984488904476166e-03
2.331002382561564445e-03
2.141327597200870514e-03
9.057971183210611343e-04
7.980845985002815723e-04
8.460236713290214539e-04
7.564296247437596321e-04
7.434944272972643375e-04
7.473841542378067970e-04
2.066115615889430046e-03
2.724795602262020111e-03
2.070393413305282593e-03
2.053388161584734917e-03
9.532888652756810188e-04
1.941747614182531834e-03
1.949317753314971924e-03
2.061855746433138847e-03
2.016128972172737122e-03
2.070393413305282593e-03
2.066115615889430046e-03
1.494768308475613594e-03
7.530120201408863068e-04
7.587253348901867867e-04
7.616146467626094818e-04
7.610350148752331734e-04
7.457121391780674458e-04
7.923930534161627293e-04
1.650165067985653877e-03
1.683501643128693104e-03
1.650165067985653877e-03
1.633986947126686573e-03
1.636661239899694920e-03
1.150747993960976601e-03
1.650165067985653877e-03
2.032520249485969543e-03
2.032520249485969543e-03
2.032520249485969543e-03
2.032520249485969543e-03
2.032520249485969543e-03
2.032520249485969543e-03
2.141327597200870514e-03
2.141327597200870514e-03
2.118644071742892265e-03
2.109704539179801941e-03
2.192982472479343414e-03
2.192982472479343414e-03
2.183406148105859756e-03
2.217294881120324135e-03
1.941747614182531834e-03
2.136752242222428322e-03
2.150537678971886635e-03
2.000000094994902611e-03
1.650165067985653877e-03
1.161440159194171429e-03
6.978366873227059841e-04
6.968640955165028572e-04
6.978366873227059841e-04
6.978366873227059841e-04
2.057613106444478035e-03
2.061855746433138847e-03
1.063829753547906876e-03
1.180637511424720287e-03
7.806401117704808712e-04
1.210653805173933506e-03
1.760563347488641739e-03
1.249999972060322762e-03
7.698229164816439152e-04
7.117437780834734440e-04
2.061855746433138847e-03
1.953125000000000000e-03
1.930501894094049931e-03
1.709401723928749561e-03
1.937984488904476166e-03
2.012072363868355751e-03
2.020202111452817917e-03
1.972386613488197327e-03
2.004008041694760323e-03
1.730103860609233379e-03
1.893939450383186340e-03
2.083333441987633705e-03
2.040816238150000572e-03
2.000000094994902611e-03
1.984127098694443703e-03
2.008032053709030151e-03
2.040816238150000572e-03
1.890359213575720787e-03
1.876172609627246857e-03
1.886792480945587158e-03
1.953125000000000000e-03
8.787346305325627327e-04
8.787346305325627327e-04
1.912045874632894993e-03
1.828153617680072784e-03
1.926782308146357536e-03
2.849002834409475327e-03
1.204819302074611187e-03
7.272727089002728462e-04
6.872852100059390068e-04
1.715265912935137749e-03
1.715265912935137749e-03
7.763975299894809723e-04
9.551098337396979332e-04
1.748251728713512421e-03
2.096435986459255219e-03
1.449275389313697815e-02
5.780346691608428955e-03
6.535947788506746292e-03
2.906976733356714249e-03
2.173912944272160530e-03
5.154639016836881638e-03
4.366812296211719513e-03
4.716981202363967896e-03
1.633986947126686573e-03
2.000000029802322388e-01
5.376344081014394760e-03
2.659574383869767189e-03
9.727626456879079342e-04
9.699321235530078411e-04
9.074410190805792809e-04
1.642036135308444500e-03
9.337068186141550541e-04
7.092198356986045837e-04
8.726003579795360565e-04
9.671180159784853458e-04
9.775171056389808655e-04
7.052186410874128342e-04
6.930006784386932850e-04
9.242144296877086163e-04
9.416195680387318134e-04
8.952551288530230522e-04
9.813542710617184639e-04
9.551098337396979332e-04
9.242144296877086163e-04
9.372071363031864166e-04
7.102272938936948776e-04
9.157509193755686283e-04
9.199631749652326107e-04
9.115770226344466209e-04
9.293680195696651936e-04
9.182736393995583057e-04
9.082652395591139793e-04
9.469697251915931702e-04
9.433962404727935791e-04
9.293680195696651936e-04
9.302325779572129250e-04
9.596928721293807030e-04
9.372071363031864166e-04
7.256894023157656193e-04
9.496675920672714710e-04
6.858710548840463161e-04
9.310987079516053200e-04
9.569377871230244637e-04
7.087172125466167927e-04
9.115770226344466209e-04
9.433962404727935791e-04
9.157509193755686283e-04
9.199631749652326107e-04
9.328357991762459278e-04
8.968609618023037910e-04
8.620689623057842255e-04
9.090909152291715145e-04
9.216589969582855701e-04
9.099181042984127998e-04
8.904719725251197815e-04
8.976660901680588722e-04
9.337068186141550541e-04
7.092198356986045837e-04
6.978366873227059841e-04
9.017132688313722610e-04
8.810572908259928226e-04
9.407337638549506664e-04
9.267840650863945484e-04
9.165902738459408283e-04
9.337068186141550541e-04
9.140768088400363922e-04
8.912655757740139961e-04
8.960573468357324600e-04
9.115770226344466209e-04
9.033423848450183868e-04
1.048217993229627609e-03
8.703219937160611153e-04
9.661835501901805401e-04
7.132667815312743187e-04
9.107468067668378353e-04
9.871668880805373192e-04
9.596928721293807030e-04
9.671180159784853458e-04
1.000000047497451305e-03
8.952551288530230522e-04
9.233610471710562706e-04
9.285050909966230392e-04
8.833922329358756542e-04
9.478672873228788376e-04
8.944543660618364811e-04
9.049773798324167728e-04
9.140768088400363922e-04
9.225092362612485886e-04
8.968609618023037910e-04
9.328357991762459278e-04
9.115770226344466209e-04
9.560229373164474964e-04
9.165902738459408283e-04
9.389671613462269306e-04
8.976660901680588722e-04
9.416195680387318134e-04
9.328357991762459278e-04
9.191176504828035831e-04
9.285050909966230392e-04
6.752194603905081749e-04
8.992805960588157177e-04
9.216589969582855701e-04
8.976660901680588722e-04
9.433962404727935791e-04
9.354536887258291245e-04
9.532888652756810188e-04
9.009009227156639099e-04
9.074410190805792809e-04
9.157509193755686283e-04
9.302325779572129250e-04
9.442870505154132843e-04
9.276437922380864620e-04
9.345794678665697575e-04
9.276437922380864620e-04
9.310987079516053200e-04
8.992805960588157177e-04
9.310987079516053200e-04
9.199631749652326107e-04
9.066183120012283325e-04
9.157509193755686283e-04
8.928571478463709354e-04
9.017132688313722610e-04
9.354536887258291245e-04
9.182736393995583057e-04
9.140768088400363922e-04
9.157509193755686283e-04
9.310987079516053200e-04
9.233610471710562706e-04
9.505703346803784370e-04
9.191176504828035831e-04
9.199631749652326107e-04
9.157509193755686283e-04
9.487665956839919090e-04
9.250693838112056255e-04
9.569377871230244637e-04
9.165902738459408283e-04
8.703219937160611153e-04
9.140768088400363922e-04
9.442870505154132843e-04
9.017132688313722610e-04
8.643042529001832008e-04
9.124087519012391567e-04
9.115770226344466209e-04
9.319664677605032921e-04
9.174311999231576920e-04
9.115770226344466209e-04
9.267840650863945484e-04
9.267840650863945484e-04
8.976660901680588722e-04
8.680555620230734348e-04
8.628127980045974255e-04
9.191176504828035831e-04
9.442870505154132843e-04
9.442870505154132843e-04
8.952551288530230522e-04
9.233610471710562706e-04
9.328357991762459278e-04
9.233610471710562706e-04
9.293680195696651936e-04
9.302325779572129250e-04
9.000900317914783955e-04
9.569377871230244637e-04
9.460737928748130798e-04
8.968609618023037910e-04
9.250693838112056255e-04
8.976660901680588722e-04
9.285050909966230392e-04
9.354536887258291245e-04
9.066183120012283325e-04
9.115770226344466209e-04
9.017132688313722610e-04
9.267840650863945484e-04
9.099181042984127998e-04
8.748906548134982586e-04
9.363295976072549820e-04
8.849557489156723022e-04
8.984726155176758766e-04
9.216589969582855701e-04
8.888888987712562084e-04
8.688097586855292320e-04
8.944543660618364811e-04
9.057971183210611343e-04
9.157509193755686283e-04
9.242144296877086163e-04
9.090909152291715145e-04
9.487665956839919090e-04
9.033423848450183868e-04
9.074410190805792809e-04
9.182736393995583057e-04
9.425070602446794510e-04
8.888888987712562084e-04
8.992805960588157177e-04
8.718395838513970375e-04
9.057971183210611343e-04
9.174311999231576920e-04
9.372071363031864166e-04
9.057971183210611343e-04
9.541984763927757740e-04
8.771930006332695484e-04
9.354536887258291245e-04
9.451796067878603935e-04
9.242144296877086163e-04
9.398496476933360100e-04
8.583691087551414967e-04
9.267840650863945484e-04
9.074410190805792809e-04
9.033423848450183868e-04
9.425070602446794510e-04
9.208103292621672153e-04
9.124087519012391567e-04
9.132419945672154427e-04
9.354536887258291245e-04
9.099181042984127998e-04
9.225092362612485886e-04
9.319664677605032921e-04
9.090909152291715145e-04
9.380863048136234283e-04
8.756567258387804031e-04
9.478672873228788376e-04
9.354536887258291245e-04
8.857395732775330544e-04
9.000900317914783955e-04
9.233610471710562706e-04
9.149130783043801785e-04
9.250693838112056255e-04
8.944543660618364811e-04
9.017132688313722610e-04
9.066183120012283325e-04
9.372071363031864166e-04
9.689922444522380829e-04
8.960573468357324600e-04
8.865247946232557297e-04
9.478672873228788376e-04
9.124087519012391567e-04
9.124087519012391567e-04
8.904719725251197815e-04
9.041591547429561615e-04
9.208103292621672153e-04
9.478672873228788376e-04
6.997900782153010368e-04
9.208103292621672153e-04
9.532888652756810188e-04
9.182736393995583057e-04
9.398496476933360100e-04
9.191176504828035831e-04
9.242144296877086163e-04
9.149130783043801785e-04
9.310987079516053200e-04
9.285050909966230392e-04
9.337068186141550541e-04
8.904719725251197815e-04
8.779631461948156357e-04
8.968609618023037910e-04
8.976660901680588722e-04
9.398496476933360100e-04
8.650519303046166897e-04
9.242144296877086163e-04
9.302325779572129250e-04
9.124087519012391567e-04
9.132419945672154427e-04
9.149130783043801785e-04
9.276437922380864620e-04
9.208103292621672153e-04
9.337068186141550541e-04
9.165902738459408283e-04
8.643042529001832008e-04
9.208103292621672153e-04
9.191176504828035831e-04
9.216589969582855701e-04
9.009009227156639099e-04
9.174311999231576920e-04
8.888888987712562084e-04
9.233610471710562706e-04
8.503401186317205429e-04
9.174311999231576920e-04
9.587727836333215237e-04
9.345794678665697575e-04
9.199631749652326107e-04
9.107468067668378353e-04
9.460737928748130798e-04
9.057971183210611343e-04
9.389671613462269306e-04
9.066183120012283325e-04
8.849557489156723022e-04
8.818341884762048721e-04
9.049773798324167728e-04
8.833922329358756542e-04
9.082652395591139793e-04
9.132419945672154427e-04
9.199631749652326107e-04
8.920606342144310474e-04
8.888888987712562084e-04
9.115770226344466209e-04
9.107468067668378353e-04
8.718395838513970375e-04
8.741258643567562103e-04
9.380863048136234283e-04
8.896797080524265766e-04
9.115770226344466209e-04
9.140768088400363922e-04
9.041591547429561615e-04
9.225092362612485886e-04
9.233610471710562706e-04
9.049773798324167728e-04
8.802816737443208694e-04
9.074410190805792809e-04
8.688097586855292320e-04
9.242144296877086163e-04
9.233610471710562706e-04
9.208103292621672153e-04
9.708738070912659168e-04
5.000000000000000000e-01
9.505703346803784370e-04
9.354536887258291245e-04
9.337068186141550541e-04
9.099181042984127998e-04
9.174311999231576920e-04
8.547008619643747807e-04
9.259259095415472984e-04
9.090909152291715145e-04
9.250693838112056255e-04
8.992805960588157177e-04
9.199631749652326107e-04
9.398496476933360100e-04
9.174311999231576920e-04
8.992805960588157177e-04
9.124087519012391567e-04
8.474576170556247234e-04
9.250693838112056255e-04
9.487665956839919090e-04
8.438818622380495071e-04
9.000900317914783955e-04
9.132419945672154427e-04
9.191176504828035831e-04
9.328357991762459278e-04
9.372071363031864166e-04
9.398496476933360100e-04
9.460737928748130798e-04
9.132419945672154427e-04
9.310987079516053200e-04
8.561643771827220917e-04
8.665511268191039562e-04
9.025270701386034489e-04
9.124087519012391567e-04
8.748906548134982586e-04
9.416195680387318134e-04
8.833922329358756542e-04
8.787346305325627327e-04
9.242144296877086163e-04
8.920606342144310474e-04
8.818341884762048721e-04
8.920606342144310474e-04
9.191176504828035831e-04
8.613264653831720352e-04
8.992805960588157177e-04
9.302325779572129250e-04
9.149130783043801785e-04
9.140768088400363922e-04
9.328357991762459278e-04
9.082652395591139793e-04
9.140768088400363922e-04
9.372071363031864166e-04
9.174311999231576920e-04
9.009009227156639099e-04
8.726003579795360565e-04
9.041591547429561615e-04
9.124087519012391567e-04
9.216589969582855701e-04
9.310987079516053200e-04
9.276437922380864620e-04
9.398496476933360100e-04
8.968609618023037910e-04
9.242144296877086163e-04
9.689922444522380829e-04
9.794319048523902893e-04
9.523809421807527542e-04
9.389671613462269306e-04
9.208103292621672153e-04
9.293680195696651936e-04
9.319664677605032921e-04
9.009009227156639099e-04
9.140768088400363922e-04
9.165902738459408283e-04
9.140768088400363922e-04
9.174311999231576920e-04
8.764241938479244709e-04
8.873114711605012417e-04
9.049773798324167728e-04
9.009009227156639099e-04
9.191176504828035831e-04
9.319664677605032921e-04
9.157509193755686283e-04
9.099181042984127998e-04
9.191176504828035831e-04
8.952551288530230522e-04
8.841733215376734734e-04
9.380863048136234283e-04
9.372071363031864166e-04
9.425070602446794510e-04
9.174311999231576920e-04
8.960573468357324600e-04
8.726003579795360565e-04
9.025270701386034489e-04
9.267840650863945484e-04
8.992805960588157177e-04
9.276437922380864620e-04
9.025270701386034489e-04
9.017132688313722610e-04
9.259259095415472984e-04
9.208103292621672153e-04
8.620689623057842255e-04
8.673027041368186474e-04
8.888888987712562084e-04
9.132419945672154427e-04
9.182736393995583057e-04
9.541984763927757740e-04
9.132419945672154427e-04
9.049773798324167728e-04
8.764241938479244709e-04
8.810572908259928226e-04
9.033423848450183868e-04
8.718395838513970375e-04
8.936550584621727467e-04
8.928571478463709354e-04
8.605851908214390278e-04
8.833922329358756542e-04
8.826125413179397583e-04
8.818341884762048721e-04
9.009009227156639099e-04
9.157509193755686283e-04
8.865247946232557297e-04
8.912655757740139961e-04
9.182736393995583057e-04
9.099181042984127998e-04
9.310987079516053200e-04
9.337068186141550541e-04
8.748906548134982586e-04
9.398496476933360100e-04
8.474576170556247234e-04
8.635578560642898083e-04
9.157509193755686283e-04
8.748906548134982586e-04
8.968609618023037910e-04
9.107468067668378353e-04
9.149130783043801785e-04
9.242144296877086163e-04
8.756567258387804031e-04
9.082652395591139793e-04
8.764241938479244709e-04
9.328357991762459278e-04
8.628127980045974255e-04
9.363295976072549820e-04
9.025270701386034489e-04
9.066183120012283325e-04
9.090909152291715145e-04
9.033423848450183868e-04
8.568980265408754349e-04
8.952551288530230522e-04
8.952551288530230522e-04
8.726003579795360565e-04
9.066183120012283325e-04
9.140768088400363922e-04
9.165902738459408283e-04
9.216589969582855701e-04
9.242144296877086163e-04
9.182736393995583057e-04
9.363295976072549820e-04
8.992805960588157177e-04
9.017132688313722610e-04
9.009009227156639099e-04
9.233610471710562706e-04
9.000900317914783955e-04
9.250693838112056255e-04
9.199631749652326107e-04
9.025270701386034489e-04
9.107468067668378353e-04
9.208103292621672153e-04
9.066183120012283325e-04
9.000900317914783955e-04
8.992805960588157177e-04
9.033423848450183868e-04
8.920606342144310474e-04
8.952551288530230522e-04
9.025270701386034489e-04
9.017132688313722610e-04
8.833922329358756542e-04
9.250693838112056255e-04
9.066183120012283325e-04
9.165902738459408283e-04
9.337068186141550541e-04
9.532888652756810188e-04
9.293680195696651936e-04
9.293680195696651936e-04
9.174311999231576920e-04
9.505703346803784370e-04
9.017132688313722610e-04
9.174311999231576920e-04
9.407337638549506664e-04
9.380863048136234283e-04
9.242144296877086163e-04
9.398496476933360100e-04
9.182736393995583057e-04
9.523809421807527542e-04
9.049773798324167728e-04
9.442870505154132843e-04
9.345794678665697575e-04
9.425070602446794510e-04
9.107468067668378353e-04
8.591065416112542152e-04
8.680555620230734348e-04
9.478672873228788376e-04
9.276437922380864620e-04
9.259259095415472984e-04
9.328357991762459278e-04
9.345794678665697575e-04
8.547008619643747807e-04
8.841733215376734734e-04
9.025270701386034489e-04
9.107468067668378353e-04
8.748906548134982586e-04
9.242144296877086163e-04
7.067137630656361580e-04
9.115770226344466209e-04
8.888888987712562084e-04
9.057971183210611343e-04
9.425070602446794510e-04
9.615384624339640141e-04
9.523809421807527542e-04
9.551098337396979332e-04
9.302325779572129250e-04
9.276437922380864620e-04
9.803922148421406746e-04
9.285050909966230392e-04
8.826125413179397583e-04
9.057971183210611343e-04
9.514747653156518936e-04
8.826125413179397583e-04
9.191176504828035831e-04
8.771930006332695484e-04
9.451796067878603935e-04
8.810572908259928226e-04
9.337068186141550541e-04
8.554320083931088448e-04
8.849557489156723022e-04
8.968609618023037910e-04
8.857395732775330544e-04
9.285050909966230392e-04
9.115770226344466209e-04
9.276437922380864620e-04
9.267840650863945484e-04
8.818341884762048721e-04
9.049773798324167728e-04
9.233610471710562706e-04
9.174311999231576920e-04
9.049773798324167728e-04
7.251631468534469604e-04
9.199631749652326107e-04
9.208103292621672153e-04
9.225092362612485886e-04
9.285050909966230392e-04
9.157509193755686283e-04
9.132419945672154427e-04
9.276437922380864620e-04
8.984726155176758766e-04
9.041591547429561615e-04
9.033423848450183868e-04
9.149130783043801785e-04
9.090909152291715145e-04
9.025270701386034489e-04
9.242144296877086163e-04
9.191176504828035831e-04
8.984726155176758766e-04
9.165902738459408283e-04
9.124087519012391567e-04
8.912655757740139961e-04
9.398496476933360100e-04
9.216589969582855701e-04
9.389671613462269306e-04
7.326007471419870853e-04
9.066183120012283325e-04
9.624639060348272324e-04
9.451796067878603935e-04
8.787346305325627327e-04
9.017132688313722610e-04
9.033423848450183868e-04
9.000900317914783955e-04
9.293680195696651936e-04
8.583691087551414967e-04
9.000900317914783955e-04
8.976660901680588722e-04
8.968609618023037910e-04
9.208103292621672153e-04
9.199631749652326107e-04
9.132419945672154427e-04
8.912655757740139961e-04
8.992805960588157177e-04
8.665511268191039562e-04
9.319664677605032921e-04
8.944543660618364811e-04
8.873114711605012417e-04
9.099181042984127998e-04
8.795074536465108395e-04
9.310987079516053200e-04
9.009009227156639099e-04
9.132419945672154427e-04
9.372071363031864166e-04
9.182736393995583057e-04
9.478672873228788376e-04
8.710801484994590282e-04
9.407337638549506664e-04
9.487665956839919090e-04
9.165902738459408283e-04
9.132419945672154427e-04
7.117437780834734440e-04
9.259259095415472984e-04
9.514747653156518936e-04
9.033423848450183868e-04
9.115770226344466209e-04
9.000900317914783955e-04
8.453085320070385933e-04
8.976660901680588722e-04
9.041591547429561615e-04
9.532888652756810188e-04
8.968609618023037910e-04
9.124087519012391567e-04
8.904719725251197815e-04
8.826125413179397583e-04
8.992805960588157177e-04
9.285050909966230392e-04
8.936550584621727467e-04
8.865247946232557297e-04
8.841733215376734734e-04
9.025270701386034489e-04
8.865247946232557297e-04
9.208103292621672153e-04
8.695652359165251255e-04
9.132419945672154427e-04
9.319664677605032921e-04
8.818341884762048721e-04
9.276437922380864620e-04
9.000900317914783955e-04
8.992805960588157177e-04
9.090909152291715145e-04
9.000900317914783955e-04
8.968609618023037910e-04
9.074410190805792809e-04
8.591065416112542152e-04
8.968609618023037910e-04
8.810572908259928226e-04
9.090909152291715145e-04
9.099181042984127998e-04
9.216589969582855701e-04
7.087172125466167927e-04
9.319664677605032921e-04
9.199631749652326107e-04
9.115770226344466209e-04
9.090909152291715145e-04
9.174311999231576920e-04
9.115770226344466209e-04
9.310987079516053200e-04
9.460737928748130798e-04
9.216589969582855701e-04
9.191176504828035831e-04
9.372071363031864166e-04
9.407337638549506664e-04
9.416195680387318134e-04
9.433962404727935791e-04
8.880994864739477634e-04
9.380863048136234283e-04
9.191176504828035831e-04
9.389671613462269306e-04
9.074410190805792809e-04
9.182736393995583057e-04
9.259259095415472984e-04
9.242144296877086163e-04
8.771930006332695484e-04
8.849557489156723022e-04
9.337068186141550541e-04
9.310987079516053200e-04
9.208103292621672153e-04
9.041591547429561615e-04
9.057971183210611343e-04
9.541984763927757740e-04
9.174311999231576920e-04
9.149130783043801785e-04
9.319664677605032921e-04
9.174311999231576920e-04
9.225092362612485886e-04
9.276437922380864620e-04
9.149130783043801785e-04
9.496675920672714710e-04
9.425070602446794510e-04
9.009009227156639099e-04
9.182736393995583057e-04
9.066183120012283325e-04
9.319664677605032921e-04
8.944543660618364811e-04
9.285050909966230392e-04
8.865247946232557297e-04
9.310987079516053200e-04
9.225092362612485886e-04
9.049773798324167728e-04
9.285050909966230392e-04
9.293680195696651936e-04
9.049773798324167728e-04
9.057971183210611343e-04
9.416195680387318134e-04
9.149130783043801785e-04
8.960573468357324600e-04
9.478672873228788376e-04
9.225092362612485886e-04
9.398496476933360100e-04
9.505703346803784370e-04
9.082652395591139793e-04
9.124087519012391567e-04
9.115770226344466209e-04
9.041591547429561615e-04
9.337068186141550541e-04
9.057971183210611343e-04
9.337068186141550541e-04
9.208103292621672153e-04
9.000900317914783955e-04
8.920606342144310474e-04
9.033423848450183868e-04
8.841733215376734734e-04
9.066183120012283325e-04
9.033423848450183868e-04
9.066183120012283325e-04
9.285050909966230392e-04
9.074410190805792809e-04
9.090909152291715145e-04
9.442870505154132843e-04
9.049773798324167728e-04
9.090909152291715145e-04
9.310987079516053200e-04
9.319664677605032921e-04
9.302325779572129250e-04
9.425070602446794510e-04
9.487665956839919090e-04
9.182736393995583057e-04
9.276437922380864620e-04
9.460737928748130798e-04
9.532888652756810188e-04
9.132419945672154427e-04
9.107468067668378353e-04
9.242144296877086163e-04
9.250693838112056255e-04
9.433962404727935791e-04
9.250693838112056255e-04
8.888888987712562084e-04
9.225092362612485886e-04
9.250693838112056255e-04
9.569377871230244637e-04
9.033423848450183868e-04
9.074410190805792809e-04
9.140768088400363922e-04
9.099181042984127998e-04
9.124087519012391567e-04
9.182736393995583057e-04
9.149130783043801785e-04
9.074410190805792809e-04
9.523809421807527542e-04
9.319664677605032921e-04
9.208103292621672153e-04
8.960573468357324600e-04
8.976660901680588722e-04
9.337068186141550541e-04
9.233610471710562706e-04
9.310987079516053200e-04
9.041591547429561615e-04
9.090909152291715145e-04
9.363295976072549820e-04
9.433962404727935791e-04
9.372071363031864166e-04
9.469697251915931702e-04
9.398496476933360100e-04
9.033423848450183868e-04
9.363295976072549820e-04
9.398496476933360100e-04
9.319664677605032921e-04
9.082652395591139793e-04
9.337068186141550541e-04
9.233610471710562706e-04
9.302325779572129250e-04
9.310987079516053200e-04
9.216589969582855701e-04
9.182736393995583057e-04
9.242144296877086163e-04
9.124087519012391567e-04
9.157509193755686283e-04
9.124087519012391567e-04
9.115770226344466209e-04
9.233610471710562706e-04
9.082652395591139793e-04
9.242144296877086163e-04
9.233610471710562706e-04
9.380863048136234283e-04
9.124087519012391567e-04
9.165902738459408283e-04
9.442870505154132843e-04
9.049773798324167728e-04
9.319664677605032921e-04
9.363295976072549820e-04
9.416195680387318134e-04
9.157509193755686283e-04
9.363295976072549820e-04
9.478672873228788376e-04
9.124087519012391567e-04
9.191176504828035831e-04
9.090909152291715145e-04
9.469697251915931702e-04
9.124087519012391567e-04
9.433962404727935791e-04
9.199631749652326107e-04
9.082652395591139793e-04
9.033423848450183868e-04
9.276437922380864620e-04
9.285050909966230392e-04
9.354536887258291245e-04
9.363295976072549820e-04
9.293680195696651936e-04
9.425070602446794510e-04
9.293680195696651936e-04
9.460737928748130798e-04
9.233610471710562706e-04
9.140768088400363922e-04
9.293680195696651936e-04
9.363295976072549820e-04
8.865247946232557297e-04
9.132419945672154427e-04
9.082652395591139793e-04
9.293680195696651936e-04
9.009009227156639099e-04
9.124087519012391567e-04
9.337068186141550541e-04
9.285050909966230392e-04
9.259259095415472984e-04
9.425070602446794510e-04
9.182736393995583057e-04
9.174311999231576920e-04
9.496675920672714710e-04
9.310987079516053200e-04
9.174311999231576920e-04
9.337068186141550541e-04
9.216589969582855701e-04
9.354536887258291245e-04
9.132419945672154427e-04
9.033423848450183868e-04
9.551098337396979332e-04
8.795074536465108395e-04
8.976660901680588722e-04
9.233610471710562706e-04
8.912655757740139961e-04
9.033423848450183868e-04
9.000900317914783955e-04
9.025270701386034489e-04
8.984726155176758766e-04
8.857395732775330544e-04
9.057971183210611343e-04
9.041591547429561615e-04
9.250693838112056255e-04
9.310987079516053200e-04
8.968609618023037910e-04
8.928571478463709354e-04
8.944543660618364811e-04
9.115770226344466209e-04
9.460737928748130798e-04
9.090909152291715145e-04
8.795074536465108395e-04
8.665511268191039562e-04
8.968609618023037910e-04
8.810572908259928226e-04
8.771930006332695484e-04
9.182736393995583057e-04
8.665511268191039562e-04
8.680555620230734348e-04
8.756567258387804031e-04
9.132419945672154427e-04
8.992805960588157177e-04
9.208103292621672153e-04
9.082652395591139793e-04
9.216589969582855701e-04
8.873114711605012417e-04
9.017132688313722610e-04
9.149130783043801785e-04
8.688097586855292320e-04
8.756567258387804031e-04
9.033423848450183868e-04
9.107468067668378353e-04
9.140768088400363922e-04
8.764241938479244709e-04
8.849557489156723022e-04
9.276437922380864620e-04
8.802816737443208694e-04
9.285050909966230392e-04
9.208103292621672153e-04
8.665511268191039562e-04
9.124087519012391567e-04
9.066183120012283325e-04
8.779631461948156357e-04
9.009009227156639099e-04
9.259259095415472984e-04
8.680555620230734348e-04
8.912655757740139961e-04
9.090909152291715145e-04
8.849557489156723022e-04
9.066183120012283325e-04
8.795074536465108395e-04
9.041591547429561615e-04
8.771930006332695484e-04
8.912655757740139961e-04
9.107468067668378353e-04
8.920606342144310474e-04
8.810572908259928226e-04
8.525149314664304256e-04
8.992805960588157177e-04
8.849557489156723022e-04
9.082652395591139793e-04
9.025270701386034489e-04
9.157509193755686283e-04
8.628127980045974255e-04
8.748906548134982586e-04
9.199631749652326107e-04
8.733624708838760853e-04
8.703219937160611153e-04
9.345794678665697575e-04
8.718395838513970375e-04
8.920606342144310474e-04
8.896797080524265766e-04
8.539709378965198994e-04
8.944543660618364811e-04
8.841733215376734734e-04
8.826125413179397583e-04
9.090909152291715145e-04
8.984726155176758766e-04
8.952551288530230522e-04
8.865247946232557297e-04
9.090909152291715145e-04
8.912655757740139961e-04
9.025270701386034489e-04
8.802816737443208694e-04
9.242144296877086163e-04
9.057971183210611343e-04
8.748906548134982586e-04
9.033423848450183868e-04
9.074410190805792809e-04
9.208103292621672153e-04
8.928571478463709354e-04
9.157509193755686283e-04
9.310987079516053200e-04
9.363295976072549820e-04
9.380863048136234283e-04
9.276437922380864620e-04
9.124087519012391567e-04
8.912655757740139961e-04
9.578543831594288349e-04
9.115770226344466209e-04
8.643042529001832008e-04
9.066183120012283325e-04
9.066183120012283325e-04
9.066183120012283325e-04
9.451796067878603935e-04
9.407337638549506664e-04
9.132419945672154427e-04
8.176614646799862385e-04
9.680542279966175556e-04
9.578543831594288349e-04
9.433962404727935791e-04
9.363295976072549820e-04
7.189072784967720509e-04
9.025270701386034489e-04
6.811989005655050278e-04
9.328357991762459278e-04
7.283321465365588665e-04
7.861634949222207069e-04
9.803922148421406746e-04
7.052186410874128342e-04
9.337068186141550541e-04
2.212389372289180756e-03
2.150537678971886635e-03
1.980198081582784653e-03
1.934236031956970692e-03
1.814882038161158562e-03
9.596928721293807030e-04
1.851851865649223328e-02
4.975124262273311615e-03
7.189072784967720509e-04
7.189072784967720509e-04
1.349527621641755104e-03
1.464128843508660793e-03
1.461988314986228943e-03
1.626016222871840000e-03
1.043841359205543995e-03
1.801801845431327820e-03
1.976284664124250412e-03
1.862197415903210640e-03
1.721170381642878056e-03
3.134796163067221642e-03
2.049180213361978531e-03
2.032520249485969543e-03
1.088139251805841923e-03
1.020408119075000286e-03
1.060445443727076054e-03
9.049773798324167728e-04
1.097694854252040386e-03
2.525252522900700569e-03
1.798561192117631435e-03
2.994012087583541870e-03
2.012072363868355751e-03
2.070393413305282593e-03
2.057613106444478035e-03
2.197802299633622169e-03
2.032520249485969543e-03
2.341920277103781700e-03
2.732240362092852592e-03
3.584229387342929840e-03
2.105263061821460724e-03
2.304147463291883469e-03
1.818181830458343029e-03
3.875968977808952332e-03
3.484320593997836113e-03
3.236246062442660332e-03
2.247191034257411957e-03
3.154574194923043251e-03
3.067484591156244278e-03
3.921568859368562698e-03
9.451796067878603935e-04
1.126126153394579887e-03
