5.241089966148138046e-04
2.500000000000000000e-01
5.128204938955605030e-04
5.133470403961837292e-04
5.089058540761470795e-04
3.333333432674407959e-01
5.238344892859458923e-04
5.115089588798582554e-04
5.767012480646371841e-04
3.333333507180213928e-02
2.500000000000000000e-01
1.000000000000000000e+00
3.333333507180213928e-02
5.117707187309861183e-04
5.083883879706263542e-04
5.165289039723575115e-04
5.159958964213728905e-04
5.130836507305502892e-04
5.213764379732310772e-04
5.189413786865770817e-04
5.109861958771944046e-04
5.144032766111195087e-04
5.068423924967646599e-04
5.065856385044753551e-04
5.192108219489455223e-04
5.720823537558317184e-04
9.310987079516053200e-04
2.857142873108386993e-02
5.000000074505805969e-02
1.000000000000000000e+00
5.081300623714923859e-04
5.086470046080648899e-04
5.073566571809351444e-04
1.250000000000000000e-01
5.277044838294386864e-04
1.666666716337203979e-01
2.083333395421504974e-02
2.000000029802322388e-01
5.149330827407538891e-04
5.359056522138416767e-04
1.250000000000000000e-01
3.333333432674407959e-01
1.000000000000000000e+00
5.192108219489455223e-04
3.846153989434242249e-02
5.117707187309861183e-04
5.027652368880808353e-04
5.136106628924608231e-04
5.173305980861186981e-04
5.042864358983933926e-04
5.319148767739534378e-04
5.000000000000000000e-01
5.296610179357230663e-04
5.096839740872383118e-04
5.243838531896471977e-04
5.050505278632044792e-04
5.091649945825338364e-04
5.133470403961837292e-04
5.107252509333193302e-04
5.053057102486491203e-04
5.144032766111195087e-04
5.128204938955605030e-04
5.159958964213728905e-04
3.333333432674407959e-01
9.090909361839294434e-02
5.000000000000000000e-01
5.000000000000000000e-01
1.000000000000000000e+00
2.710027154535055161e-03
5.128204938955605030e-04
5.078720278106629848e-04
5.464481073431670666e-04
5.420054076239466667e-04
5.112474318593740463e-04
7.692307978868484497e-02
1.000000000000000000e+00
1.111111119389533997e-01
5.117707187309861183e-04
5.109861958771944046e-04
5.117707187309861183e-04
5.136106628924608231e-04
5.235602147877216339e-04
5.364806856960058212e-04
5.178663996048271656e-04
2.000000029802322388e-01
5.000000000000000000e-01
5.151983350515365601e-04
5.197505233809351921e-04
5.170630756765604019e-04
5.086470046080648899e-04
5.109861958771944046e-04
5.063291173428297043e-04
5.285412189550697803e-04
5.065856385044753551e-04
5.109861958771944046e-04
5.194804980419576168e-04
5.078720278106629848e-04
5.053057102486491203e-04
5.081300623714923859e-04
5.252101109363138676e-04
1.428571492433547974e-01
3.333333432674407959e-01
6.277463980950415134e-04
5.073566571809351444e-04
5.050505278632044792e-04
5.058168899267911911e-04
5.455537466332316399e-04
5.055611836723983288e-04
5.128204938955605030e-04
5.268703680485486984e-04
7.380073657259345055e-04
3.125000000000000000e-02
1.000000000000000000e+00
3.333333432674407959e-01
5.112474318593740463e-04
5.333333392627537251e-04
5.102040595375001431e-04
5.068423924967646599e-04
5.081300623714923859e-04
5.086470046080648899e-04
5.211047246120870113e-04
5.420054076239466667e-04
5.704506766051054001e-04
5.382131203077733517e-04
5.144032766111195087e-04
4.761904850602149963e-02
7.692307978868484497e-02
1.000000000000000000e+00
7.142857462167739868e-02
5.162622546777129173e-04
5.099439295008778572e-04
5.120327696204185486e-04
5.115089588798582554e-04
5.875440547242760658e-04
5.249343812465667725e-04
5.104645388200879097e-04
5.464481073431670666e-04
1.428571492433547974e-01
5.081300623714923859e-04
5.073566571809351444e-04
5.076142260804772377e-04
5.042864358983933926e-04
5.265929503366351128e-04
5.595971015281975269e-04
1.000000000000000000e+00
1.000000014901161194e-01
2.500000037252902985e-02
5.107252509333193302e-04
5.073566571809351444e-04
5.096839740872383118e-04
5.133470403961837292e-04
5.151983350515365601e-04
5.790388095192611217e-04
5.685048527084290981e-04
6.142506026662886143e-04
9.090909361839294434e-02
5.000000074505805969e-02
5.000000000000000000e-01
3.125000000000000000e-02
5.086470046080648899e-04
5.151983350515365601e-04
5.083883879706263542e-04
5.120327696204185486e-04
5.141388392075896263e-04
5.050505278632044792e-04
6.906077614985406399e-04
5.491488263942301273e-04
5.574136157520115376e-04
5.213764379732310772e-04
5.081300623714923859e-04
5.144032766111195087e-04
5.173305980861186981e-04
2.127659507095813751e-02
5.159958964213728905e-04
5.144032766111195087e-04
5.144032766111195087e-04
5.000000000000000000e-01
1.111111119389533997e-01
5.181347369216382504e-04
5.146680632606148720e-04
5.197505233809351921e-04
7.692307978868484497e-02
1.000000000000000000e+00
2.000000029802322388e-01
5.120327696204185486e-04
2.631578966975212097e-02
5.094243679195642471e-04
5.063291173428297043e-04
5.279831239022314548e-04
5.050505278632044792e-04
5.144032766111195087e-04
1.000000014901161194e-01
2.000000029802322388e-01
5.130836507305502892e-04
5.167958443053066730e-04
5.136106628924608231e-04
5.130836507305502892e-04
5.128204938955605030e-04
5.094243679195642471e-04
5.213764379732310772e-04
2.415458904579281807e-03
5.227391375228762627e-04
9.090909361839294434e-02
9.090909361839294434e-02
8.333333581686019897e-02
5.089058540761470795e-04
5.094243679195642471e-04
5.094243679195642471e-04
5.151983350515365601e-04
5.235602147877216339e-04
4.255319014191627502e-03
6.281406967900693417e-04
5.350454594008624554e-04
5.817335913889110088e-04
3.333333432674407959e-01
1.000000000000000000e+00
5.133470403961837292e-04
5.083883879706263542e-04
5.141388392075896263e-04
5.151983350515365601e-04
5.241089966148138046e-04
5.133470403961837292e-04
6.093845004215836525e-04
5.170630756765604019e-04
5.506607703864574432e-04
5.107252509333193302e-04
5.063291173428297043e-04
5.167958443053066730e-04
5.055611836723983288e-04
5.122950533404946327e-04
5.091649945825338364e-04
5.159958964213728905e-04
5.073566571809351444e-04
6.009615608491003513e-04
5.141388392075896263e-04
3.333333432674407959e-01
7.692307978868484497e-02
1.111111119389533997e-01
5.107252509333193302e-04
2.000000029802322388e-01
1.428571492433547974e-01
5.636978312395513058e-04
5.552470684051513672e-04
5.173305980861186981e-04
5.128204938955605030e-04
5.000000000000000000e-01
5.000000000000000000e-01
3.225806355476379395e-02
5.141388392075896263e-04
5.313496221788227558e-04
5.107252509333193302e-04
5.162622546777129173e-04
5.470459582284092903e-04
2.500000000000000000e-01
6.250000000000000000e-02
5.263157933950424194e-02
5.189413786865770817e-04
5.205622292123734951e-04
5.094243679195642471e-04
5.128204938955605030e-04
1.851851865649223328e-02
5.186722264625132084e-04
5.112474318593740463e-04
5.133470403961837292e-04
5.219206796027719975e-04
5.109861958771944046e-04
5.154639366082847118e-04
5.096839740872383118e-04
5.128204938955605030e-04
5.803830572403967381e-04
8.474576170556247234e-04
7.692307978868484497e-02
5.000000000000000000e-01
5.146680632606148720e-04
5.086470046080648899e-04
1.869158935733139515e-03
5.157297709956765175e-04
5.076142260804772377e-04
5.157297709956765175e-04
6.277463980950415134e-04
4.545454680919647217e-02
2.000000029802322388e-01
7.142857462167739868e-02
6.250000000000000000e-02
5.109861958771944046e-04
5.096839740872383118e-04
5.146680632606148720e-04
5.173305980861186981e-04
5.025125574320554733e-04
5.040322430431842804e-04
5.305039812810719013e-04
5.102040595375001431e-04
5.405405536293983459e-04
1.000000000000000000e+00
5.144032766111195087e-04
5.128204938955605030e-04
5.107252509333193302e-04
5.091649945825338364e-04
5.149330827407538891e-04
5.125576863065361977e-04
5.186722264625132084e-04
5.073566571809351444e-04
2.000000029802322388e-01
5.000000000000000000e-01
3.333333432674407959e-01
3.333333432674407959e-01
1.000000000000000000e+00
6.020469591021537781e-04
5.133470403961837292e-04
5.035246722400188446e-04
5.068423924967646599e-04
5.112474318593740463e-04
5.094243679195642471e-04
5.073566571809351444e-04
1.039501046761870384e-03
6.459948490373790264e-04
5.390835576690733433e-04
5.040322430431842804e-04
3.333333432674407959e-01
5.000000000000000000e-01
3.333333432674407959e-01
1.000000000000000000e+00
5.175983533263206482e-04
5.167958443053066730e-04
5.186722264625132084e-04
5.192108219489455223e-04
5.443657864816486835e-04
5.000000074505805969e-02
5.305039812810719013e-04
5.157297709956765175e-04
5.146680632606148720e-04
5.154639366082847118e-04
5.162622546777129173e-04
5.065856385044753551e-04
2.631578966975212097e-02
5.125576863065361977e-04
5.086470046080648899e-04
5.181347369216382504e-04
5.125576863065361977e-04
5.130836507305502892e-04
5.790388095192611217e-04
2.500000000000000000e-01
1.250000000000000000e-01
1.666666716337203979e-01
7.552870083600282669e-04
1.754385977983474731e-02
6.250000000000000000e-02
3.333333432674407959e-01
5.063291173428297043e-04
5.078720278106629848e-04
5.078720278106629848e-04
5.130836507305502892e-04
5.081300623714923859e-04
5.083883879706263542e-04
5.096839740872383118e-04
5.202913889661431313e-04
5.073566571809351444e-04
1.428571492433547974e-01
5.000000000000000000e-01
4.545454680919647217e-02
1.250000000000000000e-01
1.851851865649223328e-02
5.125576863065361977e-04
5.367686389945447445e-04
5.073566571809351444e-04
5.000000000000000000e-01
5.081300623714923859e-04
5.032712360844016075e-04
6.045949412509799004e-04
1.428571492433547974e-01
5.120327696204185486e-04
5.107252509333193302e-04
5.107252509333193302e-04
5.302227218635380268e-04
5.138746346347033978e-04
5.192108219489455223e-04
5.073566571809351444e-04
5.173305980861186981e-04
6.230529397726058960e-04
5.073566571809351444e-04
2.857142873108386993e-02
1.428571492433547974e-01
5.555555596947669983e-02
7.142857462167739868e-02
5.000000000000000000e-01
5.000000000000000000e-01
5.144032766111195087e-04
5.133470403961837292e-04
7.633587811142206192e-03
5.107252509333193302e-04
5.058168899267911911e-04
5.089058540761470795e-04
5.094243679195642471e-04
5.561735015362501144e-04
5.321979988366365433e-04
1.000000000000000000e+00
1.000000000000000000e+00
5.165289039723575115e-04
5.120327696204185486e-04
5.081300623714923859e-04
5.070993793196976185e-04
5.546311731450259686e-04
3.030303120613098145e-02
5.076142260804772377e-04
5.130836507305502892e-04
5.086470046080648899e-04
6.666667014360427856e-02
3.333333432674407959e-01
5.122950533404946327e-04
5.081300623714923859e-04
5.063291173428297043e-04
5.055611836723983288e-04
5.376344197429716587e-04
5.112474318593740463e-04
5.078720278106629848e-04
1.250000000000000000e-01
5.144032766111195087e-04
5.257623270153999329e-04
5.730658886022865772e-04
5.120327696204185486e-04
5.202913889661431313e-04
5.302227218635380268e-04
5.068423924967646599e-04
2.857142873108386993e-02
2.000000029802322388e-01
5.159958964213728905e-04
2.710027154535055161e-03
5.102040595375001431e-04
5.120327696204185486e-04
5.302227218635380268e-04
5.205622292123734951e-04
5.252101109363138676e-04
5.194804980419576168e-04
5.060728872194886208e-04
5.027652368880808353e-04
5.181347369216382504e-04
8.976660901680588722e-04
1.000000014901161194e-01
2.000000029802322388e-01
5.208333604969084263e-04
5.133470403961837292e-04
5.083883879706263542e-04
5.181347369216382504e-04
1.070663798600435257e-03
3.333333432674407959e-01
1.000000014901161194e-01
4.761904850602149963e-02
5.000000000000000000e-01
2.066115615889430046e-03
4.761904850602149963e-02
5.073566571809351444e-04
5.249343812465667725e-04
5.081300623714923859e-04
5.130836507305502892e-04
5.086470046080648899e-04
5.567928892560303211e-04
5.246589425951242447e-04
1.000000014901161194e-01
5.117707187309861183e-04
5.000000000000000000e-01
1.666666716337203979e-01
5.133470403961837292e-04
5.211047246120870113e-04
5.154639366082847118e-04
5.162622546777129173e-04
5.555555596947669983e-02
5.192108219489455223e-04
5.122950533404946327e-04
5.094243679195642471e-04
5.104645388200879097e-04
5.268703680485486984e-04
7.142857462167739868e-02
5.136106628924608231e-04
5.232862313278019428e-04
5.356186302378773689e-04
5.055611836723983288e-04
5.050505278632044792e-04
5.055611836723983288e-04
5.130836507305502892e-04
5.141388392075896263e-04
5.232862313278019428e-04
5.420054076239466667e-04
6.468305364251136780e-04
5.899704992771148682e-04
5.353318993002176285e-04
5.000000000000000000e-01
1.000000000000000000e+00
5.045408615842461586e-04
1.000000000000000000e+00
5.882352963089942932e-02
5.194804980419576168e-04
5.181347369216382504e-04
9.090909361839294434e-02
3.333333432674407959e-01
5.141388392075896263e-04
5.170630756765604019e-04
5.141388392075896263e-04
5.167958443053066730e-04
5.219206796027719975e-04
5.136106628924608231e-04
1.111111119389533997e-01
5.265929503366351128e-04
5.138746346347033978e-04
5.151983350515365601e-04
5.122950533404946327e-04
1.250000000000000000e-01
7.363770273514091969e-04
5.367686389945447445e-04
5.173305980861186981e-04
5.154639366082847118e-04
5.232862313278019428e-04
5.265929503366351128e-04
5.167958443053066730e-04
5.151983350515365601e-04
5.096839740872383118e-04
5.227391375228762627e-04
7.936508045531809330e-04
5.050505278632044792e-04
1.111111119389533997e-01
2.000000029802322388e-01
5.162622546777129173e-04
5.120327696204185486e-04
1.111111119389533997e-01
5.202913889661431313e-04
5.189413786865770817e-04
1.000000000000000000e+00
5.146680632606148720e-04
3.333333432674407959e-01
1.000000000000000000e+00
2.500000000000000000e-01
2.500000000000000000e-01
1.000000000000000000e+00
5.165289039723575115e-04
5.081300623714923859e-04
5.070993793196976185e-04
5.399567889980971813e-04
5.000000000000000000e-01
5.089058540761470795e-04
1.477104844525456429e-03
5.130836507305502892e-04
5.202913889661431313e-04
5.175983533263206482e-04
5.197505233809351921e-04
5.081300623714923859e-04
5.200207815505564213e-04
5.227391375228762627e-04
5.175983533263206482e-04
5.230125389061868191e-04
5.017561488784849644e-04
3.333333432674407959e-01
1.000000014901161194e-01
1.666666716337203979e-01
3.333333432674407959e-01
5.151983350515365601e-04
5.115089588798582554e-04
5.086470046080648899e-04
5.032712360844016075e-04
5.086470046080648899e-04
1.250000000000000000e-01
5.144032766111195087e-04
5.810575094074010849e-04
5.428881850093603134e-04
5.931198247708380222e-04
1.000000000000000000e+00
5.081300623714923859e-04
5.096839740872383118e-04
5.102040595375001431e-04
5.086470046080648899e-04
5.109861958771944046e-04
5.458515370264649391e-04
8.077544625848531723e-04
2.808988792821764946e-03
5.115089588798582554e-04
5.555555596947669983e-02
4.545454680919647217e-02
5.096839740872383118e-04
5.060728872194886208e-04
5.235602147877216339e-04
5.109861958771944046e-04
5.076142260804772377e-04
5.136106628924608231e-04
5.186722264625132084e-04
6.561679765582084656e-04
5.446622963063418865e-04
5.428881850093603134e-04
5.136106628924608231e-04
5.063291173428297043e-04
5.089058540761470795e-04
5.107252509333193302e-04
5.078720278106629848e-04
2.500000037252902985e-02
5.437738145701587200e-04
5.691519472748041153e-04
5.050505278632044792e-04
5.099439295008778572e-04
5.073566571809351444e-04
5.216483841650187969e-04
7.142857462167739868e-02
1.666666716337203979e-01
1.250000000000000000e-01
1.428571492433547974e-01
5.882352963089942932e-02
5.285412189550697803e-04
2.066115615889430046e-03
5.149330827407538891e-04
5.285412189550697803e-04
5.094243679195642471e-04
1.000000014901161194e-01
1.000000014901161194e-01
1.000000000000000000e+00
5.173305980861186981e-04
5.099439295008778572e-04
5.083883879706263542e-04
5.285412189550697803e-04
5.136106628924608231e-04
5.091649945825338364e-04
5.175983533263206482e-04
5.157297709956765175e-04
5.089058540761470795e-04
5.133470403961837292e-04
5.159958964213728905e-04
5.078720278106629848e-04
5.347593687474727631e-04
5.112474318593740463e-04
5.136106628924608231e-04
5.428881850093603134e-04
1.428571492433547974e-01
7.692307978868484497e-02
1.000000000000000000e+00
8.333333581686019897e-02
3.333333432674407959e-01
3.333333432674407959e-01
3.703703731298446655e-02
5.181347369216382504e-04
5.181347369216382504e-04
5.099439295008778572e-04
5.000000000000000000e-01
2.000000029802322388e-01
5.154639366082847118e-04
5.081300623714923859e-04
5.094243679195642471e-04
5.293806316331028938e-04
5.224660271778702736e-04
5.053057102486491203e-04
3.333333432674407959e-01
2.000000029802322388e-01
6.666667014360427856e-02
1.000000000000000000e+00
1.000000000000000000e+00
5.081300623714923859e-04
2.127659507095813751e-02
5.076142260804772377e-04
5.186722264625132084e-04
6.414368399418890476e-04
1.000000000000000000e+00
9.090909361839294434e-02
5.000000000000000000e-01
5.122950533404946327e-04
5.120327696204185486e-04
5.125576863065361977e-04
5.094243679195642471e-04
5.141388392075896263e-04
5.144032766111195087e-04
5.112474318593740463e-04
5.094243679195642471e-04
5.181347369216382504e-04
5.299416952766478062e-04
5.211047246120870113e-04
5.149330827407538891e-04
6.868132040835916996e-04
5.000000000000000000e-01
5.235602147877216339e-04
5.045408615842461586e-04
5.178663996048271656e-04
5.047955783084034920e-04
5.336179165169596672e-04
5.125576863065361977e-04
5.189413786865770817e-04
5.518763791769742966e-04
5.115089588798582554e-04
1.666666716337203979e-01
5.882352963089942932e-02
5.157297709956765175e-04
5.170630756765604019e-04
5.086470046080648899e-04
5.112474318593740463e-04
5.194804980419576168e-04
5.200207815505564213e-04
5.167958443053066730e-04
5.000000000000000000e-01
5.000000000000000000e-01
5.000000000000000000e-01
5.211047246120870113e-04
5.020080134272575378e-04
5.138746346347033978e-04
5.146680632606148720e-04
5.117707187309861183e-04
5.159958964213728905e-04
5.063291173428297043e-04
5.053057102486491203e-04
5.984440213069319725e-04
5.440696259029209614e-04
5.045408615842461586e-04
6.756756920367479324e-04
9.090909361839294434e-02
5.070993793196976185e-04
5.470459582284092903e-04
5.068423924967646599e-04
5.125576863065361977e-04
5.122950533404946327e-04
5.356186302378773689e-04
5.288207321427762508e-04
5.678591551259160042e-04
5.336179165169596672e-04
5.431830650195479393e-04
1.000000000000000000e+00
5.094243679195642471e-04
5.053057102486491203e-04
5.068423924967646599e-04
5.151983350515365601e-04
5.197505233809351921e-04
5.125576863065361977e-04
5.047955783084034920e-04
5.875440547242760658e-04
7.662835414521396160e-04
5.506607703864574432e-04
5.115089588798582554e-04
5.257623270153999329e-04
5.107252509333193302e-04
5.094243679195642471e-04
5.265929503366351128e-04
5.208333604969084263e-04
3.333333432674407959e-01
5.175983533263206482e-04
5.181347369216382504e-04
5.205622292123734951e-04
5.235602147877216339e-04
5.050505278632044792e-04
5.053057102486491203e-04
5.837711505591869354e-04
5.219206796027719975e-04
5.000000000000000000e-01
1.666666716337203979e-01
5.844535189680755138e-04
5.094243679195642471e-04
5.299416952766478062e-04
5.104645388200879097e-04
5.162622546777129173e-04
5.192108219489455223e-04
5.437738145701587200e-04
1.000000000000000000e+00
8.196720853447914124e-03
7.199423853307962418e-04
5.162622546777129173e-04
5.235602147877216339e-04
9.633911540731787682e-04
2.500000000000000000e-01
5.000000000000000000e-01
1.000000000000000000e+00
5.065856385044753551e-04
5.144032766111195087e-04
5.130836507305502892e-04
5.086470046080648899e-04
5.081300623714923859e-04
5.053057102486491203e-04
5.086470046080648899e-04
5.159958964213728905e-04
1.000000000000000000e+00
5.115089588798582554e-04
5.319148767739534378e-04
5.178663996048271656e-04
5.246589425951242447e-04
5.122950533404946327e-04
6.250000000000000000e-02
3.999999910593032837e-02
5.219206796027719975e-04
5.115089588798582554e-04
5.076142260804772377e-04
5.070993793196976185e-04
5.078720278106629848e-04
1.000000000000000000e+00
5.319148767739534378e-04
5.078720278106629848e-04
1.000000000000000000e+00
3.333333432674407959e-01
5.000000000000000000e-01
1.000000000000000000e+00
5.230125389061868191e-04
5.282619968056678772e-04
5.159958964213728905e-04
5.060728872194886208e-04
6.497725844383239746e-04
6.544502684846520424e-04
5.165289039723575115e-04
5.181347369216382504e-04
5.376344197429716587e-04
5.099439295008778572e-04
5.184033070690929890e-04
5.966587341390550137e-04
5.988024058751761913e-04
7.751937955617904663e-03
5.882352963089942932e-02
5.109861958771944046e-04
5.112474318593740463e-04
5.099439295008778572e-04
5.091649945825338364e-04
5.230125389061868191e-04
5.151983350515365601e-04
5.293806316331028938e-04
5.151983350515365601e-04
2.000000029802322388e-01
5.000000000000000000e-01
1.250000000000000000e-01
5.086470046080648899e-04
5.107252509333193302e-04
5.091649945825338364e-04
5.138746346347033978e-04
5.040322430431842804e-04
5.076142260804772377e-04
5.205622292123734951e-04
7.112375460565090179e-04
5.154639366082847118e-04
5.138746346347033978e-04
5.045408615842461586e-04
5.073566571809351444e-04
5.302227218635380268e-04
3.333333432674407959e-01
2.000000029802322388e-01
5.000000000000000000e-01
5.159958964213728905e-04
5.102040595375001431e-04
5.112474318593740463e-04
2.127659507095813751e-02
5.112474318593740463e-04
1.111111119389533997e-01
5.178663996048271656e-04
5.227391375228762627e-04
5.162622546777129173e-04
2.083333395421504974e-02
3.333333432674407959e-01
5.089058540761470795e-04
5.094243679195642471e-04
2.475247485563158989e-03
5.238344892859458923e-04
3.703703731298446655e-02
5.099439295008778572e-04
6.968640955165028572e-04
5.112474318593740463e-04
5.032712360844016075e-04
1.000000000000000000e+00
1.000000000000000000e+00
5.224660271778702736e-04
5.181347369216382504e-04
5.122950533404946327e-04
5.055611836723983288e-04
5.107252509333193302e-04
5.128204938955605030e-04
5.440696259029209614e-04
5.257623270153999329e-04
5.302227218635380268e-04
5.238344892859458923e-04
6.472491659224033356e-04
5.184033070690929890e-04
1.111111119389533997e-01
2.857142873108386993e-02
6.250000000000000000e-02
5.555555596947669983e-02
2.710027154535055161e-03
2.341920277103781700e-03
5.128204938955605030e-04
5.249343812465667725e-04
5.117707187309861183e-04
5.091649945825338364e-04
5.045408615842461586e-04
5.219206796027719975e-04
5.189413786865770817e-04
5.117707187309861183e-04
5.063291173428297043e-04
5.221932078711688519e-04
5.162622546777129173e-04
5.333333392627537251e-04
3.125000000000000000e-02
5.000000000000000000e-01
7.692307978868484497e-02
5.882352963089942932e-02
5.000000000000000000e-01
1.428571492433547974e-01
5.107252509333193302e-04
5.200207815505564213e-04
5.175983533263206482e-04
5.104645388200879097e-04
5.162622546777129173e-04
5.081300623714923859e-04
5.076142260804772377e-04
1.000000000000000000e+00
6.501950556412339211e-04
5.089058540761470795e-04
6.250000000000000000e-02
6.250000000000000000e-02
1.666666716337203979e-01
5.159958964213728905e-04
5.081300623714923859e-04
5.109861958771944046e-04
6.053269025869667530e-04
5.194804980419576168e-04
2.439024299383163452e-02
1.428571492433547974e-01
1.000000000000000000e+00
2.222222276031970978e-02
5.112474318593740463e-04
5.073566571809351444e-04
5.073566571809351444e-04
1.000000000000000000e+00
1.111111119389533997e-01
2.500000000000000000e-01
2.439024299383163452e-02
5.122950533404946327e-04
5.128204938955605030e-04
5.096839740872383118e-04
5.120327696204185486e-04
5.083883879706263542e-04
5.083883879706263542e-04
5.157297709956765175e-04
5.117707187309861183e-04
1.250000000000000000e-01
5.045408615842461586e-04
5.512679344974458218e-04
5.184033070690929890e-04
5.181347369216382504e-04
5.803830572403967381e-04
4.545454680919647217e-02
1.428571492433547974e-01
5.081300623714923859e-04
5.130836507305502892e-04
5.112474318593740463e-04
5.083883879706263542e-04
5.165289039723575115e-04
5.078720278106629848e-04
5.246589425951242447e-04
1.000000000000000000e+00
1.000000000000000000e+00
3.333333432674407959e-01
1.000000000000000000e+00
5.167958443053066730e-04
5.162622546777129173e-04
5.128204938955605030e-04
5.076142260804772377e-04
5.186722264625132084e-04
5.268703680485486984e-04
5.324813537299633026e-04
1.000000014901161194e-01
7.142857462167739868e-02
7.692307978868484497e-02
1.000000000000000000e+00
5.144032766111195087e-04
5.083883879706263542e-04
5.154639366082847118e-04
5.235602147877216339e-04
5.115089588798582554e-04
1.250000000000000000e-01
5.241089966148138046e-04
5.136106628924608231e-04
5.931198247708380222e-04
5.681818001903593540e-04
5.091649945825338364e-04
9.090909361839294434e-02
1.000000000000000000e+00
5.078720278106629848e-04
5.091649945825338364e-04
5.050505278632044792e-04
5.107252509333193302e-04
5.115089588798582554e-04
5.291005363687872887e-04
5.285412189550697803e-04
5.149330827407538891e-04
6.293266196735203266e-04
5.117707187309861183e-04
5.117707187309861183e-04
2.500000037252902985e-02
2.500000037252902985e-02
5.091649945825338364e-04
2.127659507095813751e-02
5.096839740872383118e-04
5.274261347949504852e-04
5.189413786865770817e-04
5.081300623714923859e-04
5.288207321427762508e-04
5.813953466713428497e-04
6.009615608491003513e-04
5.561735015362501144e-04
5.624297191388905048e-04
1.000000014901161194e-01
6.666667014360427856e-02
5.000000074505805969e-02
7.142857462167739868e-02
8.333333581686019897e-02
5.500550032593309879e-04
5.089058540761470795e-04
5.086470046080648899e-04
5.988024058751761913e-04
1.000000000000000000e+00
1.428571492433547974e-01
5.078720278106629848e-04
5.136106628924608231e-04
5.213764379732310772e-04
5.115089588798582554e-04
5.068423924967646599e-04
5.076142260804772377e-04
5.181347369216382504e-04
5.078720278106629848e-04
5.099439295008778572e-04
5.115089588798582554e-04
5.102040595375001431e-04
5.060728872194886208e-04
5.081300623714923859e-04
5.078720278106629848e-04
5.202913889661431313e-04
5.058168899267911911e-04
7.022471982054412365e-04
5.063291173428297043e-04
5.162622546777129173e-04
5.291005363687872887e-04
5.073566571809351444e-04
5.117707187309861183e-04
5.165289039723575115e-04
5.117707187309861183e-04
5.711022531613707542e-04
5.070993793196976185e-04
5.305039812810719013e-04
1.000000000000000000e+00
5.000000000000000000e-01
5.162622546777129173e-04
5.107252509333193302e-04
2.702702768146991730e-02
5.197505233809351921e-04
5.491488263942301273e-04
5.189413786865770817e-04
5.020080134272575378e-04
5.063291173428297043e-04
5.165289039723575115e-04
1.428571492433547974e-01
2.500000000000000000e-01
5.000000000000000000e-01
1.000000000000000000e+00
5.112474318593740463e-04
5.136106628924608231e-04
5.125576863065361977e-04
7.017544121481478214e-04
9.416195680387318134e-04
5.249343812465667725e-04
5.058168899267911911e-04
3.333333432674407959e-01
3.333333432674407959e-01
5.224660271778702736e-04
5.125576863065361977e-04
5.122950533404946327e-04
5.146680632606148720e-04
5.382131203077733517e-04
3.571428731083869934e-02
5.175983533263206482e-04
5.257623270153999329e-04
5.165289039723575115e-04
5.073566571809351444e-04
5.117707187309861183e-04
1.569858752191066742e-03
5.224660271778702736e-04
5.482456181198358536e-04
5.184033070690929890e-04
5.125576863065361977e-04
1.666666716337203979e-01
3.333333432674407959e-01
5.128204938955605030e-04
5.130836507305502892e-04
5.249343812465667725e-04
1.949317753314971924e-03
5.122950533404946327e-04
5.307855899445712566e-04
5.208333604969084263e-04
5.211047246120870113e-04
4.545454680919647217e-02
1.000000000000000000e+00
5.882352963089942932e-02
3.333333432674407959e-01
1.000000000000000000e+00
5.122950533404946327e-04
5.149330827407538891e-04
5.128204938955605030e-04
5.050505278632044792e-04
5.167958443053066730e-04
5.083883879706263542e-04
5.086470046080648899e-04
5.076142260804772377e-04
6.101281032897531986e-04
5.252101109363138676e-04
5.151983350515365601e-04
5.414184997789561749e-04
4.761904850602149963e-02
7.142857462167739868e-02
3.333333432674407959e-01
1.250000000000000000e-01
5.120327696204185486e-04
5.060728872194886208e-04
5.102040595375001431e-04
5.104645388200879097e-04
5.107252509333193302e-04
5.165289039723575115e-04
5.265929503366351128e-04
9.090909361839294434e-02
5.102040595375001431e-04
5.099439295008778572e-04
5.165289039723575115e-04
5.083883879706263542e-04
5.107252509333193302e-04
5.151983350515365601e-04
5.998800043016672134e-04
5.948839825578033924e-04
9.090909361839294434e-02
9.090909361839294434e-02
5.128204938955605030e-04
2.192982472479343414e-03
5.081300623714923859e-04
5.086470046080648899e-04
5.107252509333193302e-04
3.225806402042508125e-03
1.000000000000000000e+00
5.192108219489455223e-04
5.268703680485486984e-04
1.169590628705918789e-03
1.000000000000000000e+00
2.325581386685371399e-02
5.017561488784849644e-04
1.428571492433547974e-01
5.305039812810719013e-04
5.099439295008778572e-04
5.053057102486491203e-04
5.073566571809351444e-04
5.263157933950424194e-02
5.336179165169596672e-04
5.313496221788227558e-04
2.000000029802322388e-01
2.325581386685371399e-02
5.178663996048271656e-04
5.104645388200879097e-04
5.081300623714923859e-04
2.500000000000000000e-01
2.631578966975212097e-02
5.000000000000000000e-01
7.142857462167739868e-02
4.347826167941093445e-02
3.333333432674407959e-01
1.428571492433547974e-01
3.333333432674407959e-01
5.063291173428297043e-04
5.125576863065361977e-04
5.112474318593740463e-04
5.083883879706263542e-04
5.096839740872383118e-04
5.646527279168367386e-04
5.154639366082847118e-04
5.184033070690929890e-04
5.000000000000000000e-01
2.500000000000000000e-01
1.000000000000000000e+00
5.120327696204185486e-04
5.146680632606148720e-04
5.112474318593740463e-04
5.117707187309861183e-04
5.263157654553651810e-04
5.050505278632044792e-04
8.333333581686019897e-02
6.666667014360427856e-02
5.138746346347033978e-04
5.094243679195642471e-04
5.073566571809351444e-04
5.089058540761470795e-04
5.443657864816486835e-04
6.165227969177067280e-04
5.555555596947669983e-02
2.500000000000000000e-01
5.173305980861186981e-04
5.081300623714923859e-04
5.146680632606148720e-04
9.090909361839294434e-02
5.194804980419576168e-04
1.666666716337203979e-01
3.333333432674407959e-01
6.250000000000000000e-02
5.086470046080648899e-04
5.058168899267911911e-04
5.350454594008624554e-04
5.263157654553651810e-04
5.109861958771944046e-04
5.405405536293983459e-04
9.090909361839294434e-02
1.250000000000000000e-01
1.000000000000000000e+00
5.175983533263206482e-04
5.151983350515365601e-04
5.151983350515365601e-04
5.060728872194886208e-04
5.086470046080648899e-04
5.449591553770005703e-04
6.250000000000000000e-02
5.157297709956765175e-04
5.117707187309861183e-04
5.117707187309861183e-04
5.146680632606148720e-04
5.128204938955605030e-04
5.083883879706263542e-04
6.195786991156637669e-04
5.605381447821855545e-04
4.347826167941093445e-02
7.326007471419870853e-04
5.000000000000000000e-01
5.159958964213728905e-04
5.081300623714923859e-04
5.050505278632044792e-04
5.120327696204185486e-04
5.099439295008778572e-04
1.000000000000000000e+00
5.091649945825338364e-04
5.540166166611015797e-04
9.337068186141550541e-04
5.117707187309861183e-04
5.081300623714923859e-04
5.068423924967646599e-04
5.045408615842461586e-04
5.115089588798582554e-04
5.408328725025057793e-04
5.399567889980971813e-04
5.089058540761470795e-04
5.288207321427762508e-04
5.390835576690733433e-04
3.225806355476379395e-02
5.078720278106629848e-04
5.050505278632044792e-04
5.068423924967646599e-04
5.112474318593740463e-04
5.327650578692555428e-04
5.159958964213728905e-04
5.327650578692555428e-04
5.181347369216382504e-04
2.000000029802322388e-01
1.000000000000000000e+00
1.666666716337203979e-01
5.235602147877216339e-04
4.694835748523473740e-03
5.040322430431842804e-04
5.305039812810719013e-04
5.094243679195642471e-04
5.063291173428297043e-04
5.065856385044753551e-04
5.117707187309861183e-04
5.154639366082847118e-04
5.321979988366365433e-04
6.250000000000000000e-02
5.000000000000000000e-01
5.157297709956765175e-04
5.175983533263206482e-04
5.081300623714923859e-04
5.102040595375001431e-04
5.117707187309861183e-04
6.622516666539013386e-04
5.288207321427762508e-04
6.056934944353997707e-04
5.000000000000000000e-01
5.313496221788227558e-04
5.065856385044753551e-04
5.162622546777129173e-04
5.130836507305502892e-04
5.265929503366351128e-04
5.583472666330635548e-04
5.555555596947669983e-02
1.000000000000000000e+00
2.000000029802322388e-01
2.000000029802322388e-01
5.149330827407538891e-04
5.120327696204185486e-04
5.141388392075896263e-04
5.235602147877216339e-04
6.666667014360427856e-02
1.428571492433547974e-01
1.358695677481591702e-03
7.692307978868484497e-02
1.000000000000000000e+00
1.000000000000000000e+00
2.564102597534656525e-02
5.078720278106629848e-04
2.341920277103781700e-03
5.045408615842461586e-04
5.136106628924608231e-04
5.070993793196976185e-04
5.319148767739534378e-04
9.891196386888623238e-04
1.154734403826296329e-03
6.250000000000000000e-02
1.666666716337203979e-01
5.200207815505564213e-04
5.181347369216382504e-04
5.277044838294386864e-04
5.058168899267911911e-04
5.170630756765604019e-04
5.070993793196976185e-04
5.107252509333193302e-04
5.159958964213728905e-04
3.831417532637715340e-03
1.000000000000000000e+00
1.000000000000000000e+00
5.146680632606148720e-04
5.086470046080648899e-04
5.073566571809351444e-04
9.090909361839294434e-02
5.219206796027719975e-04
5.189413786865770817e-04
5.282619968056678772e-04
5.750431446358561516e-04
7.692307978868484497e-02
6.250000000000000000e-02
5.083883879706263542e-04
5.086470046080648899e-04
5.086470046080648899e-04
5.192108219489455223e-04
5.178663996048271656e-04
1.000000014901161194e-01
9.090909361839294434e-02
1.000000000000000000e+00
1.000000000000000000e+00
5.136106628924608231e-04
5.149330827407538891e-04
5.096839740872383118e-04
5.104645388200879097e-04
5.192108219489455223e-04
5.032712360844016075e-04
1.314060413278639317e-03
7.692307978868484497e-02
8.333333581686019897e-02
5.000000000000000000e-01
1.000000000000000000e+00
1.000000000000000000e+00
6.250000000000000000e-02
5.232862313278019428e-04
5.081300623714923859e-04
5.263157933950424194e-02
1.000000000000000000e+00
3.999999910593032837e-02
2.325581386685371399e-02
5.181347369216382504e-04
5.128204938955605030e-04
5.157297709956765175e-04
5.107252509333193302e-04
5.227391375228762627e-04
6.830600905232131481e-04
5.221932078711688519e-04
5.714285653084516525e-04
5.094243679195642471e-04
5.882352963089942932e-02
1.000000000000000000e+00
5.117707187309861183e-04
5.035246722400188446e-04
5.159958964213728905e-04
5.144032766111195087e-04
5.246589425951242447e-04
4.761904850602149963e-02
5.000000000000000000e-01
1.000000000000000000e+00
1.000000000000000000e+00
1.000000000000000000e+00
5.104645388200879097e-04
5.232862313278019428e-04
5.133470403961837292e-04
5.099439295008778572e-04
5.173305980861186981e-04
5.040322430431842804e-04
1.851851865649223328e-02
5.130836507305502892e-04
5.356186302378773689e-04
5.149330827407538891e-04
5.685048527084290981e-04
8.403361425735056400e-04
2.500000000000000000e-01
5.249343812465667725e-04
5.165289039723575115e-04
5.040322430431842804e-04
5.173305980861186981e-04
5.081300623714923859e-04
5.159958964213728905e-04
2.500000000000000000e-01
5.265929503366351128e-04
5.257623270153999329e-04
5.073566571809351444e-04
5.159958964213728905e-04
5.455537466332316399e-04
9.363295976072549820e-04
1.000000000000000000e+00
2.857142873108386993e-02
1.428571492433547974e-01
5.141388392075896263e-04
5.107252509333193302e-04
5.086470046080648899e-04
5.083883879706263542e-04
5.154639366082847118e-04
5.133470403961837292e-04
5.321979988366365433e-04
5.307855899445712566e-04
5.063291173428297043e-04
5.302227218635380268e-04
1.111111119389533997e-01
6.666667014360427856e-02
1.666666716337203979e-01
5.149330827407538891e-04
5.094243679195642471e-04
5.096839740872383118e-04
5.086470046080648899e-04
5.102040595375001431e-04
5.221932078711688519e-04
5.173305980861186981e-04
5.167958443053066730e-04
5.104645388200879097e-04
4.166666790843009949e-02
5.288207321427762508e-04
5.122950533404946327e-04
5.125576863065361977e-04
5.099439295008778572e-04
5.065856385044753551e-04
5.060728872194886208e-04
5.063291173428297043e-04
5.181347369216382504e-04
5.128204938955605030e-04
5.133470403961837292e-04
5.146680632606148720e-04
5.141388392075896263e-04
5.050505278632044792e-04
5.096839740872383118e-04
1.000000000000000000e+00
5.310674314387142658e-04
5.165289039723575115e-04
5.078720278106629848e-04
5.094243679195642471e-04
5.154639366082847118e-04
1.597444061189889908e-03
5.175983533263206482e-04
5.296610179357230663e-04
1.111111119389533997e-01
5.356186302378773689e-04
7.692307978868484497e-02
1.666666716337203979e-01
5.235602147877216339e-04
5.200207815505564213e-04
5.117707187309861183e-04
5.130836507305502892e-04
5.109861958771944046e-04
5.194804980419576168e-04
5.094243679195642471e-04
2.127659507095813751e-02
2.500000000000000000e-01
5.282619968056678772e-04
5.133470403961837292e-04
5.319148767739534378e-04
5.356186302378773689e-04
5.078720278106629848e-04
5.000000000000000000e-01
1.111111119389533997e-01
5.162622546777129173e-04
5.178663996048271656e-04
5.313496221788227558e-04
5.184033070690929890e-04
5.157297709956765175e-04
9.276437922380864620e-04
5.417118081822991371e-04
5.238344892859458923e-04
5.117707187309861183e-04
5.476451478898525238e-04
5.186722264625132084e-04
5.178663996048271656e-04
5.216483841650187969e-04
5.192108219489455223e-04
5.246589425951242447e-04
5.047955783084034920e-04
5.167958443053066730e-04
5.130836507305502892e-04
2.500000000000000000e-01
1.000000000000000000e+00
2.000000029802322388e-01
1.000000000000000000e+00
5.293806316331028938e-04
5.224660271778702736e-04
5.370569415390491486e-04
5.219206796027719975e-04
5.065856385044753551e-04
5.165289039723575115e-04
5.058168899267911911e-04
5.170630756765604019e-04
1.000000014901161194e-01
5.000000000000000000e-01
4.166666790843009949e-02
3.333333432674407959e-01
5.141388392075896263e-04
5.184033070690929890e-04
5.063291173428297043e-04
5.081300623714923859e-04
5.000000000000000000e-01
5.050505278632044792e-04
6.238303030841052532e-04
1.666666716337203979e-01
5.050505278632044792e-04
4.761904850602149963e-02
5.254860734567046165e-04
5.165289039723575115e-04
5.279831239022314548e-04
5.434782360680401325e-04
8.333333581686019897e-02
1.428571492433547974e-01
5.133470403961837292e-04
5.091649945825338364e-04
5.063291173428297043e-04
5.089058540761470795e-04
5.050505278632044792e-04
5.058168899267911911e-04
9.090909361839294434e-02
5.165289039723575115e-04
5.534034571610391140e-04
5.361930234357714653e-04
3.703703731298446655e-02
5.120327696204185486e-04
5.133470403961837292e-04
5.112474318593740463e-04
5.068423924967646599e-04
5.055611836723983288e-04
5.175983533263206482e-04
5.917159724049270153e-04
5.503577413037419319e-04
5.305039812810719013e-04
5.154639366082847118e-04
7.251631468534469604e-04
5.120327696204185486e-04
2.000000029802322388e-01
6.666667014360427856e-02
1.428571492433547974e-01
5.107252509333193302e-04
5.192108219489455223e-04
5.125576863065361977e-04
5.125576863065361977e-04
2.222222276031970978e-02
5.076142260804772377e-04
1.250000000000000000e-01
5.102040595375001431e-04
5.241089966148138046e-04
5.232862313278019428e-04
5.263157654553651810e-04
8.333333581686019897e-02
5.173305980861186981e-04
5.053057102486491203e-04
5.068423924967646599e-04
5.120327696204185486e-04
5.359056522138416767e-04
2.380952425301074982e-02
7.142857462167739868e-02
1.666666716337203979e-01
5.200207815505564213e-04
5.211047246120870113e-04
5.359056522138416767e-04
5.094243679195642471e-04
5.138746346347033978e-04
5.202913889661431313e-04
5.094243679195642471e-04
9.090909361839294434e-02
5.076142260804772377e-04
5.844535189680755138e-04
5.720823537558317184e-04
4.347826167941093445e-02
3.846153989434242249e-02
7.633587811142206192e-03
5.053057102486491203e-04
5.154639016836881638e-03
5.173305980861186981e-04
2.941176481544971466e-02
1.000000000000000000e+00
1.000000000000000000e+00
5.133470403961837292e-04
5.186722264625132084e-04
2.500000037252902985e-02
2.500000000000000000e-01
1.666666716337203979e-01
5.977286491543054581e-04
5.277044838294386864e-04
5.086470046080648899e-04
5.000000000000000000e-01
2.325581386685371399e-02
5.117707187309861183e-04
5.086470046080648899e-04
5.482456181198358536e-04
5.208333604969084263e-04
5.109861958771944046e-04
6.105006323195993900e-04
6.666667014360427856e-02
5.099439295008778572e-04
5.130836507305502892e-04
5.078720278106629848e-04
5.102040595375001431e-04
5.086470046080648899e-04
5.096839740872383118e-04
5.053057102486491203e-04
1.000000000000000000e+00
1.000000000000000000e+00
2.710027154535055161e-03
5.120327696204185486e-04
5.099439295008778572e-04
5.109861958771944046e-04
5.060728872194886208e-04
5.104645388200879097e-04
5.086470046080648899e-04
1.250000000000000000e-01
5.128204938955605030e-04
6.006006151437759399e-04
9.727626456879079342e-04
7.283321465365588665e-04
5.558643606491386890e-04
2.000000029802322388e-01
1.000000000000000000e+00
1.250000000000000000e-01
5.063291173428297043e-04
5.257623270153999329e-04
5.181347369216382504e-04
5.073566571809351444e-04
6.684492109343409538e-04
5.694761057384312153e-04
5.149330827407538891e-04
5.157297709956765175e-04
5.173305980861186981e-04
5.178663996048271656e-04
5.076142260804772377e-04
5.194804980419576168e-04
5.274261347949504852e-04
5.154639366082847118e-04
5.149330827407538891e-04
5.382131203077733517e-04
1.250000000000000000e-01
9.090909361839294434e-02
5.136106628924608231e-04
5.219206796027719975e-04
5.096839740872383118e-04
5.091649945825338364e-04
5.091649945825338364e-04
5.096839740872383118e-04
5.073566571809351444e-04
5.073566571809351444e-04
5.167958443053066730e-04
5.125576863065361977e-04
6.693440373055636883e-04
5.000000000000000000e-01
5.091649945825338364e-04
2.702702768146991730e-02
5.070993793196976185e-04
5.141388392075896263e-04
5.443657864816486835e-04
5.078720278106629848e-04
5.000000000000000000e-01
1.666666753590106964e-02
5.070993793196976185e-04
5.081300623714923859e-04
5.787037080153822899e-04
5.115089588798582554e-04
5.271481350064277649e-04
9.090909361839294434e-02
1.000000000000000000e+00
5.181347369216382504e-04
6.988120148889720440e-04
5.151983350515365601e-04
5.144032766111195087e-04
6.250000000000000000e-02
5.081300623714923859e-04
5.117707187309861183e-04
5.115089588798582554e-04
5.000000000000000000e-01
5.393743049353361130e-04
5.151983350515365601e-04
5.104645388200879097e-04
5.000000000000000000e-01
3.125000000000000000e-02
5.000000000000000000e-01
5.184033070690929890e-04
5.130836507305502892e-04
5.141388392075896263e-04
5.050505278632044792e-04
5.181347369216382504e-04
5.138746346347033978e-04
5.078720278106629848e-04
1.000000000000000000e+00
5.154639366082847118e-04
5.316321039572358131e-04
7.716049440205097198e-04
9.090909361839294434e-02
5.327650578692555428e-04
5.151983350515365601e-04
1.492537278681993484e-02
5.094243679195642471e-04
5.081300623714923859e-04
5.094243679195642471e-04
5.189413786865770817e-04
5.675369175150990486e-04
6.761325057595968246e-04
1.111111119389533997e-01
6.250000000000000000e-02
5.194804980419576168e-04
1.000000000000000000e+00
5.186722264625132084e-04
5.192108219489455223e-04
5.125576863065361977e-04
5.285412189550697803e-04
5.083883879706263542e-04
2.000000029802322388e-01
5.285412189550697803e-04
5.882352706976234913e-04
5.089058540761470795e-04
5.157297709956765175e-04
5.136106628924608231e-04
5.146680632606148720e-04
5.109861958771944046e-04
5.213764379732310772e-04
5.197505233809351921e-04
7.692307978868484497e-02
3.333333432674407959e-01
3.448275849223136902e-02
1.000000000000000000e+00
5.109861958771944046e-04
5.133470403961837292e-04
1.000000000000000000e+00
5.115089588798582554e-04
5.189413786865770817e-04
5.099439295008778572e-04
9.090909361839294434e-02
5.434782360680401325e-04
7.225433364510536194e-04
1.000000014901161194e-01
5.000000000000000000e-01
1.000000000000000000e+00
5.063291173428297043e-04
5.083883879706263542e-04
5.078720278106629848e-04
5.050505278632044792e-04
5.157297709956765175e-04
5.096839740872383118e-04
5.151983350515365601e-04
5.271481350064277649e-04
5.144032766111195087e-04
1.960784383118152618e-02
1.666666716337203979e-01
1.111111119389533997e-01
5.042864358983933926e-04
5.102040595375001431e-04
1.000000000000000000e+00
1.250000000000000000e-01
1.250000000000000000e-01
5.000000000000000000e-01
5.104645388200879097e-04
5.136106628924608231e-04
5.078720278106629848e-04
5.060728872194886208e-04
5.083883879706263542e-04
5.385029362514615059e-04
5.159958964213728905e-04
5.120327696204185486e-04
1.923076994717121124e-02
5.076142260804772377e-04
5.047955783084034920e-04
5.115089588798582554e-04
5.122950533404946327e-04
5.211047246120870113e-04
5.078720278106629848e-04
5.173305980861186981e-04
5.149330827407538891e-04
5.115089588798582554e-04
7.142857462167739868e-02
2.000000029802322388e-01
1.000000000000000000e+00
5.115089588798582554e-04
5.293806316331028938e-04
5.086470046080648899e-04
5.094243679195642471e-04
5.068423924967646599e-04
5.138746346347033978e-04
5.213764379732310772e-04
5.282619968056678772e-04
5.288207321427762508e-04
5.268703680485486984e-04
5.353318993002176285e-04
5.411255406215786934e-04
5.081300623714923859e-04
2.380952425301074982e-02
2.564102597534656525e-02
5.047955783084034920e-04
5.117707187309861183e-04
5.130836507305502892e-04
2.941176481544971466e-02
5.086470046080648899e-04
5.238344892859458923e-04
1.000000000000000000e+00
5.109861958771944046e-04
5.173305980861186981e-04
5.076142260804772377e-04
5.047955783084034920e-04
6.506181089207530022e-04
5.219206796027719975e-04
2.000000029802322388e-01
1.666666716337203979e-01
5.000000000000000000e-01
2.000000029802322388e-01
5.107252509333193302e-04
5.047955783084034920e-04
5.083883879706263542e-04
5.107252509333193302e-04
5.133470403961837292e-04
5.125576863065361977e-04
5.055611836723983288e-04
5.173305980861186981e-04
5.117707187309861183e-04
5.107252509333193302e-04
5.073566571809351444e-04
5.112474318593740463e-04
5.151983350515365601e-04
5.263157654553651810e-04
1.000000000000000000e+00
5.050505278632044792e-04
5.200207815505564213e-04
5.138746346347033978e-04
5.070993793196976185e-04
5.336179165169596672e-04
5.149330827407538891e-04
5.319148767739534378e-04
5.141388392075896263e-04
1.133786863647401333e-03
5.347593687474727631e-04
5.083883879706263542e-04
5.000000000000000000e-01
7.142857462167739868e-02
1.000000000000000000e+00
5.257623270153999329e-04
5.197505233809351921e-04
5.643340991809964180e-04
5.321979988366365433e-04
5.089058540761470795e-04
1.000000000000000000e+00
5.186722264625132084e-04
6.688963039778172970e-04
5.104645388200879097e-04
5.086470046080648899e-04
5.128204938955605030e-04
5.154639366082847118e-04
1.023541437461972237e-03
1.666666716337203979e-01
5.000000000000000000e-01
5.122950533404946327e-04
3.448275849223136902e-02
5.125576863065361977e-04
5.055611836723983288e-04
5.017561488784849644e-04
5.086470046080648899e-04
5.099439295008778572e-04
5.252101109363138676e-04
5.146680632606148720e-04
5.235602147877216339e-04
5.446622963063418865e-04
1.666666716337203979e-01
1.000000014901161194e-01
1.000000000000000000e+00
1.000000000000000000e+00
5.000000000000000000e-01
1.000000000000000000e+00
5.122950533404946327e-04
5.200207815505564213e-04
5.112474318593740463e-04
5.083883879706263542e-04
5.125576863065361977e-04
6.153846043162047863e-04
6.830600905232131481e-04
5.319148767739534378e-04
5.299416952766478062e-04
5.249343812465667725e-04
5.083883879706263542e-04
3.333333432674407959e-01
1.666666716337203979e-01
5.000000000000000000e-01
5.096839740872383118e-04
5.299416952766478062e-04
1.851851865649223328e-02
5.173305980861186981e-04
5.170630756765604019e-04
5.405405536293983459e-04
6.250000000000000000e-02
5.099439295008778572e-04
5.128204938955605030e-04
5.053057102486491203e-04
5.216483841650187969e-04
5.130836507305502892e-04
1.666666716337203979e-01
1.000000000000000000e+00
5.157297709956765175e-04
5.063291173428297043e-04
6.184292142279446125e-04
8.680555620230734348e-04
5.078720278106629848e-04
1.000000000000000000e+00
1.000000000000000000e+00
1.428571492433547974e-01
3.999999910593032837e-02
5.070993793196976185e-04
5.452562472783029079e-04
5.321979988366365433e-04
5.649717641063034534e-04
1.000000000000000000e+00
4.347826167941093445e-02
1.666666716337203979e-01
7.692307978868484497e-02
5.000000000000000000e-01
5.534034571610391140e-04
5.151983350515365601e-04
5.115089588798582554e-04
5.151983350515365601e-04
5.157297709956765175e-04
5.081300623714923859e-04
3.333333414047956467e-03
5.053057102486491203e-04
5.045408615842461586e-04
5.122950533404946327e-04
5.063291173428297043e-04
5.089058540761470795e-04
6.119951140135526657e-04
5.194804980419576168e-04
5.834305775351822376e-04
5.099439295008778572e-04
6.016847328282892704e-04
5.138746346347033978e-04
5.112474318593740463e-04
5.058168899267911911e-04
1.000000000000000000e+00
5.000000000000000000e-01
5.194804980419576168e-04
5.058168899267911911e-04
5.060728872194886208e-04
5.257623270153999329e-04
5.125576863065361977e-04
5.050505278632044792e-04
5.083883879706263542e-04
1.000000000000000000e+00
1.000000000000000000e+00
5.115089588798582554e-04
5.102040595375001431e-04
5.133470403961837292e-04
5.120327696204185486e-04
5.194804980419576168e-04
5.167958443053066730e-04
1.364256488159298897e-03
2.000000029802322388e-01
5.882352963089942932e-02
5.138746346347033978e-04
5.122950533404946327e-04
5.125576863065361977e-04
5.189413786865770817e-04
5.109861958771944046e-04
5.120327696204185486e-04
5.224660271778702736e-04
5.580357392318546772e-04
1.666666716337203979e-01
3.333333432674407959e-01
5.076142260804772377e-04
5.157297709956765175e-04
5.341880605556070805e-04
5.252101109363138676e-04
5.144032766111195087e-04
6.540222093462944031e-04
5.130836507305502892e-04
2.500000037252902985e-02
5.170630756765604019e-04
5.205622292123734951e-04
5.241089966148138046e-04
5.099439295008778572e-04
5.146680632606148720e-04
5.144032766111195087e-04
5.068423924967646599e-04
5.065856385044753551e-04
1.428571436554193497e-02
5.076142260804772377e-04
5.189413786865770817e-04
5.115089588798582554e-04
5.422993563115596771e-04
1.000000014901161194e-01
5.159958964213728905e-04
5.170630756765604019e-04
5.208333604969084263e-04
5.133470403961837292e-04
5.175983533263206482e-04
8.620689623057842255e-03
5.192108219489455223e-04
5.050505278632044792e-04
5.305039812810719013e-04
5.000000000000000000e-01
5.219206796027719975e-04
5.128204938955605030e-04
5.076142260804772377e-04
2.777777798473834991e-02
5.175983533263206482e-04
5.260389298200607300e-04
6.666667014360427856e-02
7.142857462167739868e-02
1.000000000000000000e+00
1.000000000000000000e+00
5.081300623714923859e-04
5.189413786865770817e-04
5.104645388200879097e-04
5.094243679195642471e-04
5.254860734567046165e-04
5.279831239022314548e-04
7.142857462167739868e-02
2.777777798473834991e-02
1.000000000000000000e+00
1.428571492433547974e-01
5.115089588798582554e-04
5.186722264625132084e-04
5.083883879706263542e-04
5.184033070690929890e-04
5.083883879706263542e-04
5.455537466332316399e-04
1.250000000000000000e-01
5.128204938955605030e-04
5.431830650195479393e-04
5.083883879706263542e-04
7.949125720188021660e-04
5.803830572403967381e-04
5.081300623714923859e-04
6.666667014360427856e-02
1.000000000000000000e+00
2.500000000000000000e-01
5.125576863065361977e-04
5.112474318593740463e-04
5.065856385044753551e-04
5.073566571809351444e-04
5.065856385044753551e-04
5.096839740872383118e-04
5.285412189550697803e-04
5.197505233809351921e-04
5.138746346347033978e-04
5.040322430431842804e-04
1.111111119389533997e-01
1.000000014901161194e-01
3.448275849223136902e-02
3.571428731083869934e-02
1.000000000000000000e+00
6.501950556412339211e-04
5.112474318593740463e-04
5.060728872194886208e-04
5.133470403961837292e-04
2.380952425301074982e-02
2.500000000000000000e-01
5.000000000000000000e-01
5.263157933950424194e-02
2.500000037252902985e-02
5.055611836723983288e-04
1.000000000000000000e+00
5.117707187309861183e-04
5.173305980861186981e-04
5.232862313278019428e-04
1.148105598986148834e-03
5.524861626327037811e-04
1.000000000000000000e+00
2.222222276031970978e-02
1.000000000000000000e+00
6.250000000000000000e-02
5.159958964213728905e-04
5.213764379732310772e-04
5.081300623714923859e-04
5.104645388200879097e-04
5.202913889661431313e-04
5.035246722400188446e-04
3.333333432674407959e-01
1.000000000000000000e+00
5.141388392075896263e-04
5.112474318593740463e-04
5.175983533263206482e-04
5.081300623714923859e-04
5.096839740872383118e-04
5.091649945825338364e-04
5.117707187309861183e-04
5.197505233809351921e-04
5.120327696204185486e-04
5.078720278106629848e-04
5.117707187309861183e-04
9.090909361839294434e-02
3.333333432674407959e-01
5.159958964213728905e-04
5.128204938955605030e-04
5.104645388200879097e-04
5.070993793196976185e-04
5.178663996048271656e-04
5.959475529380142689e-04
5.488474271260201931e-04
5.668934318237006664e-04
1.000000000000000000e+00
2.325581386685371399e-02
5.133470403961837292e-04
5.149330827407538891e-04
5.128204938955605030e-04
3.333333432674407959e-01
1.000000000000000000e+00
3.703703731298446655e-02
5.138746346347033978e-04
5.151983350515365601e-04
5.055611836723983288e-04
6.648935959674417973e-04
1.908396952785551548e-03
7.692307978868484497e-02
2.000000029802322388e-01
5.058168899267911911e-04
5.141388392075896263e-04
5.000000000000000000e-01
5.083883879706263542e-04
5.707762320525944233e-04
5.561735015362501144e-04
5.125576863065361977e-04
5.109861958771944046e-04
1.666666716337203979e-01
1.666666716337203979e-01
5.254860734567046165e-04
5.162622546777129173e-04
5.107252509333193302e-04
5.555555596947669983e-02
5.149330827407538891e-04
7.062146905809640884e-04
5.753739969804883003e-04
6.357278907671570778e-04
3.333333432674407959e-01
1.000000000000000000e+00
5.157297709956765175e-04
5.089058540761470795e-04
5.305039812810719013e-04
5.157297709956765175e-04
5.128204938955605030e-04
1.000000014901161194e-01
5.157297709956765175e-04
5.178663996048271656e-04
5.154639366082847118e-04
5.125576863065361977e-04
5.265929503366351128e-04
5.125576863065361977e-04
4.587155766785144806e-03
5.000000000000000000e-01
2.040816284716129303e-02
8.333333581686019897e-02
5.112474318593740463e-04
5.219206796027719975e-04
5.136106628924608231e-04
3.846153989434242249e-02
5.120327696204185486e-04
5.055611836723983288e-04
5.089058540761470795e-04
5.173305980861186981e-04
5.149330827407538891e-04
1.666666716337203979e-01
6.250000000000000000e-02
5.125576863065361977e-04
5.096839740872383118e-04
5.045408615842461586e-04
5.194804980419576168e-04
5.157297709956765175e-04
5.534034571610391140e-04
5.136106628924608231e-04
5.000000000000000000e-01
5.136106628924608231e-04
1.666666716337203979e-01
3.333333432674407959e-01
1.000000000000000000e+00
5.096839740872383118e-04
5.128204938955605030e-04
5.096839740872383118e-04
5.099439295008778572e-04
5.271481350064277649e-04
5.065856385044753551e-04
5.336179165169596672e-04
5.390835576690733433e-04
5.216483841650187969e-04
5.285412189550697803e-04
5.117707187309861183e-04
5.083883879706263542e-04
5.045408615842461586e-04
5.065856385044753551e-04
5.216483841650187969e-04
5.452562472783029079e-04
5.050505278632044792e-04
5.099439295008778572e-04
5.081300623714923859e-04
5.076142260804772377e-04
5.109861958771944046e-04
5.627461941912770271e-04
5.144032766111195087e-04
1.666666716337203979e-01
5.555555596947669983e-02
1.666666716337203979e-01
1.666666716337203979e-01
1.000000000000000000e+00
1.000000000000000000e+00
5.073566571809351444e-04
5.443657864816486835e-04
5.094243679195642471e-04
5.367686389945447445e-04
5.047955783084034920e-04
5.200207815505564213e-04
5.125576863065361977e-04
5.230125389061868191e-04
5.128204938955605030e-04
7.142857462167739868e-02
2.000000029802322388e-01
3.333333432674407959e-01
5.086470046080648899e-04
5.078720278106629848e-04
5.112474318593740463e-04
5.089058540761470795e-04
5.068423924967646599e-04
5.219206796027719975e-04
1.515151560306549072e-02
5.138746346347033978e-04
5.120327696204185486e-04
5.107252509333193302e-04
5.117707187309861183e-04
5.107252509333193302e-04
5.073566571809351444e-04
5.000000000000000000e-01
5.120327696204185486e-04
5.279831239022314548e-04
6.067961221560835838e-04
5.730658886022865772e-04
5.104645388200879097e-04
5.141388392075896263e-04
5.189413786865770817e-04
5.211047246120870113e-04
5.086470046080648899e-04
5.068423924967646599e-04
5.081300623714923859e-04
5.186722264625132084e-04
5.154639366082847118e-04
2.500000037252902985e-02
5.000000074505805969e-02
1.666666716337203979e-01
2.500000000000000000e-01
1.000000000000000000e+00
5.120327696204185486e-04
2.500000037252902985e-02
5.091649945825338364e-04
5.109861958771944046e-04
5.070993793196976185e-04
5.086470046080648899e-04
5.263157654553651810e-04
5.170630756765604019e-04
5.162622546777129173e-04
5.310674314387142658e-04
5.200207815505564213e-04
6.666667014360427856e-02
1.000000000000000000e+00
5.083883879706263542e-04
5.399567889980971813e-04
5.440696259029209614e-04
9.174311533570289612e-03
7.692307978868484497e-02
1.428571492433547974e-01
7.142857462167739868e-02
5.305039812810719013e-04
5.050505278632044792e-04
5.948839825578033924e-04
5.205622292123734951e-04
5.107252509333193302e-04
5.219206796027719975e-04
9.302325779572129250e-04
3.333333432674407959e-01
8.333333581686019897e-02
5.200207815505564213e-04
5.230125389061868191e-04
5.065856385044753551e-04
2.500000000000000000e-01
5.112474318593740463e-04
5.112474318593740463e-04
1.428571492433547974e-01
5.000000000000000000e-01
5.200207815505564213e-04
5.081300623714923859e-04
5.107252509333193302e-04
2.538071013987064362e-03
3.999999910593032837e-02
5.130836507305502892e-04
5.181347369216382504e-04
1.000000000000000000e+00
5.104645388200879097e-04
2.272727340459823608e-02
5.274261347949504852e-04
5.159958964213728905e-04
5.327650578692555428e-04
5.241089966148138046e-04
5.208333604969084263e-04
5.076142260804772377e-04
5.854800692759454250e-04
5.443657864816486835e-04
9.090909361839294434e-02
1.000000000000000000e+00
7.692307978868484497e-02
6.250000000000000000e-02
1.428571492433547974e-01
5.076142260804772377e-04
5.070993793196976185e-04
5.053057102486491203e-04
3.333333507180213928e-02
5.091649945825338364e-04
5.130836507305502892e-04
5.053057102486491203e-04
5.521810962818562984e-04
5.268703680485486984e-04
5.094243679195642471e-04
5.138746346347033978e-04
5.882352963089942932e-02
1.000000000000000000e+00
3.333333432674407959e-01
5.068423924967646599e-04
5.241089966148138046e-04
5.159958964213728905e-04
5.167958443053066730e-04
5.154639016836881638e-03
5.070993793196976185e-04
5.107252509333193302e-04
5.141388392075896263e-04
5.060728872194886208e-04
6.293266196735203266e-04
5.948839825578033924e-04
9.090909361839294434e-02
1.000000000000000000e+00
1.000000000000000000e+00
3.703703731298446655e-02
5.065856385044753551e-04
5.073566571809351444e-04
5.184033070690929890e-04
3.703703731298446655e-02
5.467468290589749813e-04
5.238344892859458923e-04
5.333333392627537251e-04
5.170630756765604019e-04
5.382131203077733517e-04
5.200207815505564213e-04
5.437738145701587200e-04
7.692307978868484497e-02
1.250000000000000000e-01
5.162622546777129173e-04
5.065856385044753551e-04
5.086470046080648899e-04
5.120327696204185486e-04
5.194804980419576168e-04
6.626905524171888828e-04
5.117707187309861183e-04
6.743088597431778908e-04
5.688281962648034096e-04
5.376344197429716587e-04
5.159958964213728905e-04
3.333333432674407959e-01
5.167958443053066730e-04
5.053057102486491203e-04
5.063291173428297043e-04
5.125576863065361977e-04
5.144032766111195087e-04
5.141388392075896263e-04
5.115089588798582554e-04
5.385029362514615059e-04
5.109861958771944046e-04
6.734006456099450588e-04
2.500000000000000000e-01
5.102040595375001431e-04
5.120327696204185486e-04
5.086470046080648899e-04
5.045408615842461586e-04
5.178663996048271656e-04
5.170630756765604019e-04
5.208333604969084263e-04
5.162622546777129173e-04
5.162622546777129173e-04
5.081300623714923859e-04
5.268703680485486984e-04
5.078720278106629848e-04
1.000000014901161194e-01
3.333333432674407959e-01
5.162622546777129173e-04
5.208333604969084263e-04
5.109861958771944046e-04
5.175983533263206482e-04
5.154639366082847118e-04
5.099439295008778572e-04
5.107252509333193302e-04
5.065856385044753551e-04
6.793478387407958508e-04
5.133470403961837292e-04
6.006006151437759399e-04
6.325110443867743015e-04
1.000000014901161194e-01
5.107252509333193302e-04
5.063291173428297043e-04
5.102040595375001431e-04
5.055611836723983288e-04
5.128204938955605030e-04
5.070993793196976185e-04
5.091649945825338364e-04
5.060728872194886208e-04
1.000000000000000000e+00
5.094243679195642471e-04
5.787037080153822899e-04
5.724098300561308861e-04
1.428571492433547974e-01
1.111111119389533997e-01
2.325581386685371399e-02
5.192108219489455223e-04
5.104645388200879097e-04
5.130836507305502892e-04
5.109861958771944046e-04
1.930501894094049931e-03
5.202913889661431313e-04
5.175983533263206482e-04
6.761325057595968246e-04
5.068423924967646599e-04
5.128204938955605030e-04
5.920663243159651756e-04
5.050505278632044792e-04
1.000000000000000000e+00
2.380952425301074982e-02
5.076142260804772377e-04
5.117707187309861183e-04
5.192108219489455223e-04
5.065856385044753551e-04
5.086470046080648899e-04
5.076142260804772377e-04
5.194804980419576168e-04
5.271481350064277649e-04
5.053057102486491203e-04
5.291005363687872887e-04
1.250000000000000000e-01
7.692307978868484497e-02
1.666666716337203979e-01
1.000000000000000000e+00
5.128204938955605030e-04
5.073566571809351444e-04
5.235602147877216339e-04
5.125576863065361977e-04
1.000000000000000000e+00
1.000000014901161194e-01
5.112474318593740463e-04
5.055611836723983288e-04
6.188118713907897472e-04
5.112474318593740463e-04
5.425935960374772549e-04
4.761904850602149963e-02
2.777777798473834991e-02
5.086470046080648899e-04
5.136106628924608231e-04
5.107252509333193302e-04
5.125576863065361977e-04
5.205622292123734951e-04
5.050505278632044792e-04
5.192108219489455223e-04
5.047955783084034920e-04
5.246589425951242447e-04
5.151983350515365601e-04
9.090909361839294434e-02
5.882352963089942932e-02
5.050505278632044792e-04
5.073566571809351444e-04
5.120327696204185486e-04
5.112474318593740463e-04
5.959475529380142689e-04
5.159958964213728905e-04
5.076142260804772377e-04
1.314060413278639317e-03
7.692307978868484497e-02
1.666666716337203979e-01
1.000000000000000000e+00
5.000000000000000000e-01
5.324813537299633026e-04
5.141388392075896263e-04
5.138746346347033978e-04
5.091649945825338364e-04
5.045408615842461586e-04
5.068423924967646599e-04
5.017561488784849644e-04
5.899704992771148682e-04
5.980861023999750614e-04
6.583278300240635872e-04
5.159958964213728905e-04
5.112474318593740463e-04
5.094243679195642471e-04
5.107252509333193302e-04
5.053057102486491203e-04
5.175983533263206482e-04
5.246589425951242447e-04
5.128204938955605030e-04
5.219206796027719975e-04
5.537098622880876064e-04
6.666667014360427856e-02
7.692307978868484497e-02
1.000000000000000000e+00
5.555555596947669983e-02
2.272727340459823608e-02
5.073566571809351444e-04
5.112474318593740463e-04
5.115089588798582554e-04
5.078720278106629848e-04
5.104645388200879097e-04
5.221932078711688519e-04
5.117707187309861183e-04
1.014198758639395237e-03
4.166666790843009949e-02
5.000000000000000000e-01
5.094243679195642471e-04
5.122950533404946327e-04
5.285412189550697803e-04
5.232862313278019428e-04
1.210653805173933506e-03
8.896797080524265766e-04
1.000000000000000000e+00
5.120327696204185486e-04
5.063291173428297043e-04
5.050505278632044792e-04
5.086470046080648899e-04
5.479452083818614483e-04
5.178663996048271656e-04
5.130836507305502892e-04
5.073566571809351444e-04
5.055611836723983288e-04
5.050505278632044792e-04
5.081300623714923859e-04
5.485463771037757397e-04
5.000000074505805969e-02
5.000000000000000000e-01
5.130836507305502892e-04
5.128204938955605030e-04
5.070993793196976185e-04
5.181347369216382504e-04
5.154639366082847118e-04
3.333333432674407959e-01
8.333333581686019897e-02
5.000000000000000000e-01
5.000000000000000000e-01
5.141388392075896263e-04
5.122950533404946327e-04
5.060728872194886208e-04
5.094243679195642471e-04
2.702702768146991730e-02
7.621950935572385788e-04
5.047955783084034920e-04
1.000000000000000000e+00
2.380952425301074982e-02
7.692307978868484497e-02
5.420054076239466667e-04
5.060728872194886208e-04
5.083883879706263542e-04
5.107252509333193302e-04
5.194804980419576168e-04
5.125576863065361977e-04
5.243838531896471977e-04
5.202913889661431313e-04
5.146680632606148720e-04
7.047216058708727360e-04
6.747638108208775520e-04
5.000000000000000000e-01
7.142857462167739868e-02
5.081300623714923859e-04
5.339028430171310902e-04
5.083883879706263542e-04
5.305039812810719013e-04
5.162622546777129173e-04
5.167958443053066730e-04
6.250000000000000000e-02
5.130836507305502892e-04
5.120327696204185486e-04
5.399567889980971813e-04
5.089058540761470795e-04
5.178663996048271656e-04
5.422993563115596771e-04
8.695652359165251255e-04
1.000000000000000000e+00
1.666666716337203979e-01
1.000000000000000000e+00
1.000000000000000000e+00
3.333333432674407959e-01
5.211047246120870113e-04
5.141388392075896263e-04
5.141388392075896263e-04
5.157297709956765175e-04
5.102040595375001431e-04
5.099439295008778572e-04
5.091649945825338364e-04
5.157297709956765175e-04
7.686394965276122093e-04
5.194804980419576168e-04
5.364806856960058212e-04
5.151983350515365601e-04
5.109861958771944046e-04
5.299416952766478062e-04
4.291845485568046570e-03
5.672149709425866604e-04
5.055611836723983288e-04
5.184033070690929890e-04
5.078720278106629848e-04
5.194804980419576168e-04
5.109861958771944046e-04
5.361930234357714653e-04
1.000000000000000000e+00
2.500000000000000000e-01
5.000000000000000000e-01
5.173305980861186981e-04
5.405405536293983459e-04
5.099439295008778572e-04
5.055611836723983288e-04
5.162622546777129173e-04
1.000000000000000000e+00
5.882352963089942932e-02
5.000000000000000000e-01
5.159958964213728905e-04
2.040816284716129303e-02
5.213764379732310772e-04
5.091649945825338364e-04
5.102040595375001431e-04
2.500000000000000000e-01
5.227391375228762627e-04
5.288207321427762508e-04
9.090909361839294434e-02
5.000000000000000000e-01
1.666666716337203979e-01
1.000000000000000000e+00
5.149330827407538891e-04
5.141388392075896263e-04
5.175983533263206482e-04
5.405405536293983459e-04
5.122950533404946327e-04
5.125576863065361977e-04
6.067961221560835838e-04
5.224660271778702736e-04
5.385029362514615059e-04
6.711409660056233406e-04
5.000000000000000000e-01
1.428571492433547974e-01
5.000000000000000000e-01
5.882352963089942932e-02
5.107252509333193302e-04
3.333333507180213928e-02
5.159958964213728905e-04
5.076142260804772377e-04
5.159958964213728905e-04
5.091649945825338364e-04
8.084074361249804497e-04
5.109861958771944046e-04
3.999999910593032837e-02
5.151983350515365601e-04
5.144032766111195087e-04
6.535947904922068119e-04
1.000000014901161194e-01
1.111111119389533997e-01
5.086470046080648899e-04
5.081300623714923859e-04
5.081300623714923859e-04
5.146680632606148720e-04
5.115089588798582554e-04
5.170630756765604019e-04
5.361930234357714653e-04
5.073566571809351444e-04
5.063291173428297043e-04
7.142857462167739868e-02
5.063291173428297043e-04
5.102040595375001431e-04
5.151983350515365601e-04
5.461496184580028057e-04
5.042864358983933926e-04
6.250000000000000000e-02
3.333333432674407959e-01
6.250000000000000000e-02
3.333333432674407959e-01
3.703703731298446655e-02
5.205622292123734951e-04
5.102040595375001431e-04
5.081300623714923859e-04
5.060728872194886208e-04
5.102040595375001431e-04
5.120327696204185486e-04
2.941176481544971466e-02
5.181347369216382504e-04
5.122950533404946327e-04
5.186722264625132084e-04
5.232862313278019428e-04
2.000000029802322388e-01
1.000000000000000000e+00
8.333333581686019897e-02
3.333333432674407959e-01
5.060728872194886208e-04
5.094243679195642471e-04
5.078720278106629848e-04
2.500000000000000000e-01
5.428881850093603134e-04
5.073566571809351444e-04
5.232862313278019428e-04
5.319148767739534378e-04
5.219206796027719975e-04
5.184033070690929890e-04
1.111111119389533997e-01
1.000000000000000000e+00
5.120327696204185486e-04
5.096839740872383118e-04
5.170630756765604019e-04
5.094243679195642471e-04
5.070993793196976185e-04
5.086470046080648899e-04
3.333333432674407959e-01
5.112474318593740463e-04
5.476451478898525238e-04
5.302227218635380268e-04
5.102040595375001431e-04
5.065856385044753551e-04
1.250000000000000000e-01
7.142857462167739868e-02
3.846153989434242249e-02
1.000000000000000000e+00
5.094243679195642471e-04
5.151983350515365601e-04
