5.000000000000000000e-01
1.000000000000000000e+00
1.000000000000000000e+00
1.000000000000000000e+00
5.000000000000000000e-01
1.000000000000000000e+00
1.000000000000000000e+00
1.000000000000000000e+00
1.000000000000000000e+00
1.000000000000000000e+00
1.000000000000000000e+00
1.000000000000000000e+00
1.000000000000000000e+00
1.000000000000000000e+00
1.000000000000000000e+00
1.000000000000000000e+00
1.000000000000000000e+00
1.000000000000000000e+00
5.000000000000000000e-01
1.000000000000000000e+00
1.000000000000000000e+00
2.000000029802322388e-01
1.000000000000000000e+00
1.000000000000000000e+00
1.000000000000000000e+00
1.000000000000000000e+00
1.000000000000000000e+00
1.000000000000000000e+00
1.000000000000000000e+00
1.000000000000000000e+00
3.448275849223136902e-02
1.000000000000000000e+00
1.000000000000000000e+00
3.333333432674407959e-01
2.000000029802322388e-01
1.000000000000000000e+00
1.000000000000000000e+00
1.000000000000000000e+00
2.000000029802322388e-01
1.000000000000000000e+00
5.000000000000000000e-01
1.000000000000000000e+00
3.333333432674407959e-01
5.000000000000000000e-01
1.000000000000000000e+00
1.000000000000000000e+00
5.000000000000000000e-01
5.000000000000000000e-01
5.000000000000000000e-01
1.000000000000000000e+00
1.000000000000000000e+00
1.000000000000000000e+00
1.000000000000000000e+00
1.000000000000000000e+00
1.000000000000000000e+00
1.000000000000000000e+00
1.000000000000000000e+00
2.439024299383163452e-02
1.666666716337203979e-01
1.000000000000000000e+00
5.000000000000000000e-01
1.000000000000000000e+00
1.000000000000000000e+00
1.000000000000000000e+00
3.333333432674407959e-01
3.333333432674407959e-01
3.333333432674407959e-01
1.000000000000000000e+00
1.000000000000000000e+00
2.000000029802322388e-01
1.000000000000000000e+00
1.000000000000000000e+00
1.000000000000000000e+00
5.000000000000000000e-01
2.500000000000000000e-01
1.000000000000000000e+00
2.000000029802322388e-01
5.000000000000000000e-01
5.000000000000000000e-01
1.000000000000000000e+00
1.000000000000000000e+00
1.000000000000000000e+00
5.000000000000000000e-01
5.000000000000000000e-01
5.000000000000000000e-01
1.000000000000000000e+00
1.000000000000000000e+00
5.000000000000000000e-01
1.000000000000000000e+00
1.000000000000000000e+00
5.000000000000000000e-01
5.000000000000000000e-01
2.000000029802322388e-01
5.000000000000000000e-01
5.000000000000000000e-01
2.000000029802322388e-01
2.000000029802322388e-01
2.000000029802322388e-01
2.000000029802322388e-01
1.000000000000000000e+00
1.000000000000000000e+00
1.000000000000000000e+00
1.666666716337203979e-01
3.333333432674407959e-01
1.000000000000000000e+00
1.000000000000000000e+00
1.000000000000000000e+00
3.333333432674407959e-01
2.702702768146991730e-02
5.000000000000000000e-01
5.000000000000000000e-01
1.000000000000000000e+00
1.000000000000000000e+00
1.000000000000000000e+00
1.000000000000000000e+00
1.000000000000000000e+00
1.000000000000000000e+00
1.250000000000000000e-01
1.000000000000000000e+00
5.000000000000000000e-01
1.000000014901161194e-01
1.666666716337203979e-01
5.000000000000000000e-01
1.000000000000000000e+00
3.546099178493022919e-03
1.000000000000000000e+00
5.000000000000000000e-01
5.000000000000000000e-01
5.000000000000000000e-01
5.000000000000000000e-01
3.333333432674407959e-01
1.000000000000000000e+00
1.000000000000000000e+00
3.333333432674407959e-01
1.000000000000000000e+00
3.333333432674407959e-01
1.000000000000000000e+00
1.000000000000000000e+00
1.000000000000000000e+00
1.000000000000000000e+00
5.000000000000000000e-01
1.000000000000000000e+00
1.000000000000000000e+00
1.000000000000000000e+00
1.000000000000000000e+00
1.000000000000000000e+00
3.571428731083869934e-02
5.000000000000000000e-01
5.000000000000000000e-01
1.000000000000000000e+00
3.571428731083869934e-02
1.666666716337203979e-01
2.000000029802322388e-01
3.333333432674407959e-01
1.000000000000000000e+00
5.000000000000000000e-01
5.000000000000000000e-01
1.000000000000000000e+00
1.000000000000000000e+00
1.666666716337203979e-01
1.000000000000000000e+00
3.333333432674407959e-01
1.000000000000000000e+00
3.333333432674407959e-01
1.000000000000000000e+00
1.000000000000000000e+00
7.142857462167739868e-02
7.142857462167739868e-02
5.000000074505805969e-02
5.000000000000000000e-01
3.333333432674407959e-01
7.692307978868484497e-02
8.333333581686019897e-02
1.000000000000000000e+00
1.000000000000000000e+00
1.000000000000000000e+00
2.000000029802322388e-01
2.000000029802322388e-01
2.000000029802322388e-01
2.000000029802322388e-01
2.000000029802322388e-01
5.000000000000000000e-01
1.000000000000000000e+00
5.000000000000000000e-01
5.000000000000000000e-01
5.000000000000000000e-01
3.333333432674407959e-01
1.886792480945587158e-02
1.000000000000000000e+00
5.000000000000000000e-01
1.666666716337203979e-01
1.666666716337203979e-01
1.666666716337203979e-01
1.666666716337203979e-01
1.666666716337203979e-01
5.000000000000000000e-01
5.000000000000000000e-01
1.000000000000000000e+00
5.000000000000000000e-01
5.000000000000000000e-01
5.000000000000000000e-01
5.000000000000000000e-01
1.666666716337203979e-01
1.000000000000000000e+00
7.692307978868484497e-02
7.692307978868484497e-02
7.142857462167739868e-02
7.692307978868484497e-02
7.142857462167739868e-02
7.142857462167739868e-02
7.692307978868484497e-02
7.142857462167739868e-02
7.692307978868484497e-02
1.000000000000000000e+00
7.692307978868484497e-02
1.000000000000000000e+00
1.000000000000000000e+00
1.000000000000000000e+00
1.000000000000000000e+00
7.142857462167739868e-02
1.428571492433547974e-01
1.666666716337203979e-01
5.000000000000000000e-01
5.000000000000000000e-01
1.000000000000000000e+00
1.000000000000000000e+00
1.000000000000000000e+00
1.428571492433547974e-01
1.988071482628583908e-03
1.000000000000000000e+00
1.000000000000000000e+00
1.000000000000000000e+00
1.000000000000000000e+00
1.000000000000000000e+00
1.000000000000000000e+00
1.000000000000000000e+00
3.333333432674407959e-01
1.000000000000000000e+00
5.000000000000000000e-01
1.666666716337203979e-01
1.000000000000000000e+00
2.000000029802322388e-01
1.000000000000000000e+00
5.000000000000000000e-01
2.777777798473834991e-02
5.000000000000000000e-01
2.000000029802322388e-01
2.000000029802322388e-01
2.000000029802322388e-01
2.000000029802322388e-01
2.000000029802322388e-01
2.000000029802322388e-01
3.333333432674407959e-01
5.000000000000000000e-01
5.000000000000000000e-01
2.500000000000000000e-01
2.500000000000000000e-01
2.500000000000000000e-01
2.500000000000000000e-01
3.333333432674407959e-01
2.000000029802322388e-01
1.666666716337203979e-01
2.000000029802322388e-01
2.000000029802322388e-01
1.428571492433547974e-01
2.000000029802322388e-01
1.250000000000000000e-01
2.000000029802322388e-01
1.000000000000000000e+00
1.250000000000000000e-01
3.333333432674407959e-01
1.000000000000000000e+00
1.000000000000000000e+00
8.333333581686019897e-02
8.333333581686019897e-02
8.333333581686019897e-02
8.333333581686019897e-02
8.333333581686019897e-02
8.333333581686019897e-02
8.333333581686019897e-02
8.333333581686019897e-02
8.333333581686019897e-02
8.333333581686019897e-02
8.333333581686019897e-02
8.333333581686019897e-02
7.692307978868484497e-02
7.692307978868484497e-02
7.692307978868484497e-02
7.692307978868484497e-02
7.692307978868484497e-02
7.692307978868484497e-02
7.692307978868484497e-02
7.692307978868484497e-02
7.692307978868484497e-02
7.692307978868484497e-02
7.692307978868484497e-02
1.000000000000000000e+00
7.692307978868484497e-02
7.692307978868484497e-02
9.090909361839294434e-02
1.000000000000000000e+00
2.000000029802322388e-01
2.000000029802322388e-01
2.000000029802322388e-01
2.000000029802322388e-01
2.000000029802322388e-01
1.666666716337203979e-01
1.000000000000000000e+00
2.004008041694760323e-03
1.000000000000000000e+00
5.000000000000000000e-01
2.500000000000000000e-01
2.500000000000000000e-01
2.500000000000000000e-01
2.500000000000000000e-01
1.000000000000000000e+00
1.000000000000000000e+00
2.500000000000000000e-01
5.000000000000000000e-01
2.500000000000000000e-01
2.500000000000000000e-01
2.500000000000000000e-01
5.000000000000000000e-01
1.000000000000000000e+00
1.250000000000000000e-01
3.333333432674407959e-01
5.882352963089942932e-02
2.127659507095813751e-02
5.000000000000000000e-01
1.250000000000000000e-01
5.000000000000000000e-01
1.000000000000000000e+00
3.333333432674407959e-01
5.000000000000000000e-01
2.000000029802322388e-01
3.333333432674407959e-01
3.333333432674407959e-01
3.333333432674407959e-01
1.000000000000000000e+00
1.000000000000000000e+00
1.000000000000000000e+00
1.000000000000000000e+00
1.000000000000000000e+00
1.000000000000000000e+00
5.000000000000000000e-01
5.000000000000000000e-01
1.000000000000000000e+00
1.000000000000000000e+00
5.000000000000000000e-01
1.000000000000000000e+00
3.333333432674407959e-01
2.500000000000000000e-01
2.500000000000000000e-01
5.000000000000000000e-01
1.000000000000000000e+00
2.000000029802322388e-01
9.999999776482582092e-03
5.000000000000000000e-01
1.000000000000000000e+00
5.000000000000000000e-01
1.111111119389533997e-01
1.111111119389533997e-01
1.111111119389533997e-01
1.111111119389533997e-01
5.000000000000000000e-01
5.000000000000000000e-01
7.692307978868484497e-02
7.692307978868484497e-02
2.000000029802322388e-01
4.166666790843009949e-02
3.846153989434242249e-02
2.439024299383163452e-02
2.564102597534656525e-02
2.380952425301074982e-02
1.000000000000000000e+00
1.428571492433547974e-01
1.000000000000000000e+00
1.792114693671464920e-03
3.333333432674407959e-01
3.333333432674407959e-01
2.500000000000000000e-01
4.854368977248668671e-03
5.000000000000000000e-01
1.000000000000000000e+00
5.000000000000000000e-01
3.333333432674407959e-01
1.000000000000000000e+00
1.000000000000000000e+00
1.000000000000000000e+00
1.000000000000000000e+00
5.000000000000000000e-01
3.333333432674407959e-01
1.250000000000000000e-01
1.000000000000000000e+00
1.769911497831344604e-03
1.666666716337203979e-01
2.222222276031970978e-02
2.500000000000000000e-01
2.500000000000000000e-01
1.000000000000000000e+00
1.000000000000000000e+00
5.555555596947669983e-02
5.882352963089942932e-02
1.000000000000000000e+00
2.380952425301074982e-02
1.000000000000000000e+00
3.571428731083869934e-02
1.250000000000000000e-01
1.000000000000000000e+00
1.666666716337203979e-01
1.250000000000000000e-01
1.666666716337203979e-01
1.250000000000000000e-01
1.000000000000000000e+00
1.000000000000000000e+00
1.428571492433547974e-01
5.000000000000000000e-01
5.000000000000000000e-01
1.392757636494934559e-03
1.718213083222508430e-03
1.000000000000000000e+00
1.000000000000000000e+00
2.500000000000000000e-01
3.333333507180213928e-02
3.571428731083869934e-02
3.333333507180213928e-02
3.333333507180213928e-02
3.333333507180213928e-02
3.333333507180213928e-02
6.250000000000000000e-02
1.666666716337203979e-01
2.000000029802322388e-01
1.000000014901161194e-01
1.536098308861255646e-03
1.683501643128693104e-03
3.333333432674407959e-01
3.333333432674407959e-01
2.500000000000000000e-01
5.000000000000000000e-01
1.428571492433547974e-01
1.000000000000000000e+00
2.500000000000000000e-01
2.500000000000000000e-01
1.000000000000000000e+00
7.692307978868484497e-02
5.000000000000000000e-01
5.000000000000000000e-01
1.428571492433547974e-01
5.000000000000000000e-01
5.000000000000000000e-01
1.111111119389533997e-01
1.000000000000000000e+00
1.000000000000000000e+00
1.000000000000000000e+00
1.000000000000000000e+00
1.000000000000000000e+00
5.000000000000000000e-01
1.428571492433547974e-01
1.666666716337203979e-01
1.250000000000000000e-01
8.333333581686019897e-02
5.000000000000000000e-01
1.000000014901161194e-01
1.111111119389533997e-01
1.111111119389533997e-01
1.000000014901161194e-01
1.428571492433547974e-01
1.428571492433547974e-01
4.347826167941093445e-02
4.166666790843009949e-02
5.000000074505805969e-02
5.000000074505805969e-02
4.761904850602149963e-02
4.166666790843009949e-02
5.000000074505805969e-02
5.000000074505805969e-02
2.631578966975212097e-02
2.000000029802322388e-01
3.703703731298446655e-02
1.428571492433547974e-01
1.428571492433547974e-01
1.428571492433547974e-01
1.428571492433547974e-01
1.428571492433547974e-01
1.428571492433547974e-01
1.000000000000000000e+00
1.000000000000000000e+00
2.380952425301074982e-02
4.761904850602149963e-02
1.000000000000000000e+00
1.000000014901161194e-01
3.846153989434242249e-02
5.000000000000000000e-01
5.000000000000000000e-01
2.500000000000000000e-01
2.500000000000000000e-01
2.000000029802322388e-01
2.000000029802322388e-01
2.000000029802322388e-01
2.000000029802322388e-01
2.000000029802322388e-01
1.666666716337203979e-01
5.000000000000000000e-01
9.090909361839294434e-02
5.000000000000000000e-01
7.692307978868484497e-02
9.090909361839294434e-02
9.090909361839294434e-02
1.428571492433547974e-01
9.090909361839294434e-02
2.941176481544971466e-02
2.941176481544971466e-02
2.941176481544971466e-02
2.941176481544971466e-02
2.941176481544971466e-02
2.941176481544971466e-02
9.090909361839294434e-02
9.090909361839294434e-02
2.500000000000000000e-01
2.500000000000000000e-01
1.000000014901161194e-01
9.090909361839294434e-02
1.428571492433547974e-01
1.428571492433547974e-01
3.333333507180213928e-02
5.882352963089942932e-02
5.263157933950424194e-02
1.111111119389533997e-01
5.000000000000000000e-01
1.666666716337203979e-01
1.666666716337203979e-01
1.666666716337203979e-01
1.666666716337203979e-01
1.666666716337203979e-01
2.500000037252902985e-02
2.702702768146991730e-02
3.333333432674407959e-01
1.666666716337203979e-01
2.500000000000000000e-01
2.000000029802322388e-01
1.666666716337203979e-01
1.666666716337203979e-01
3.333333432674407959e-01
2.500000000000000000e-01
5.000000074505805969e-02
5.000000074505805969e-02
5.000000074505805969e-02
5.000000074505805969e-02
5.000000074505805969e-02
5.000000074505805969e-02
5.263157933950424194e-02
4.347826167941093445e-02
5.000000074505805969e-02
1.666666716337203979e-01
1.111111119389533997e-01
5.000000000000000000e-01
1.111111119389533997e-01
5.000000000000000000e-01
1.428571492433547974e-01
1.111111119389533997e-01
1.111111119389533997e-01
1.111111119389533997e-01
9.090909361839294434e-02
1.111111119389533997e-01
1.111111119389533997e-01
5.000000000000000000e-01
5.000000000000000000e-01
1.250000000000000000e-01
1.111111119389533997e-01
1.111111119389533997e-01
1.000000000000000000e+00
1.000000000000000000e+00
1.000000000000000000e+00
1.000000000000000000e+00
2.000000029802322388e-01
2.000000029802322388e-01
1.000000000000000000e+00
1.000000000000000000e+00
5.000000000000000000e-01
5.000000000000000000e-01
1.000000000000000000e+00
5.000000000000000000e-01
5.000000000000000000e-01
1.000000000000000000e+00
5.000000000000000000e-01
3.333333432674407959e-01
3.333333432674407959e-01
3.333333432674407959e-01
3.333333432674407959e-01
1.000000000000000000e+00
1.000000000000000000e+00
1.000000000000000000e+00
1.742160296998918056e-03
1.838235300965607166e-03
1.890359213575720787e-03
1.428571492433547974e-01
1.555209979414939880e-03
5.000000074505805969e-02
1.123595517128705978e-03
1.745200715959072113e-03
2.020202111452817917e-03
6.666667014360427856e-02
9.090909361839294434e-02
1.396648003719747066e-03
2.652519848197698593e-03
1.574803143739700317e-03
2.439024299383163452e-02
1.865671598352491856e-03
1.818181830458343029e-03
2.577319508418440819e-03
6.060605868697166443e-03
1.795332180336117744e-03
1.000000000000000000e+00
1.934236031956970692e-03
2.364066196605563164e-03
2.570694079622626305e-03
1.567398081533610821e-03
2.570694079622626305e-03
1.805054140277206898e-03
1.526717562228441238e-03
1.599999959580600262e-03
1.754386001266539097e-03
2.481389557942748070e-03
6.250000000000000000e-02
1.848428859375417233e-03
9.999999776482582092e-03
1.828153617680072784e-03
1.589825144037604332e-03
2.439024299383163452e-02
1.739130471833050251e-03
1.626016222871840000e-03
2.109704539179801941e-03
2.028397517278790474e-03
1.240694778971374035e-03
1.085776370018720627e-03
2.020202111452817917e-03
1.798561192117631435e-03
2.463054144755005836e-03
1.739130471833050251e-03
1.424501417204737663e-03
1.308900536969304085e-03
1.392757636494934559e-03
1.923076994717121124e-02
6.024096161127090454e-03
1.305483048781752586e-03
1.694915234111249447e-03
1.733102253638207912e-03
2.331002382561564445e-03
1.254705130122601986e-03
1.692047342658042908e-03
1.187648507766425610e-03
2.247191034257411957e-03
1.430615200661122799e-03
1.834862399846315384e-03
1.510574016720056534e-03
2.150537678971886635e-03
1.270647975616157055e-03
1.838235300965607166e-03
5.263157933950424194e-02
1.733102253638207912e-03
3.861003788188099861e-03
1.538461539894342422e-03
1.677852356806397438e-03
1.949317753314971924e-03
1.904761884361505508e-03
1.219512196257710457e-03
2.538071013987064362e-03
1.512859249487519264e-03
1.605136436410248280e-03
1.792114693671464920e-03
1.200480153784155846e-03
2.141327597200870514e-03
1.661129528656601906e-03
1.394700142554938793e-03
1.754386001266539097e-03
1.237623742781579494e-03
1.552795059978961945e-03
2.341920277103781700e-03
1.769911497831344604e-03
1.381215522997081280e-03
1.730103860609233379e-03
1.814882038161158562e-03
1.644736854359507561e-03
1.466275658458471298e-03
6.250000093132257462e-03
1.763668376952409744e-03
1.162790693342685699e-03
1.785714295692741871e-03
1.426533563062548637e-03
1.805054140277206898e-03
2.183406148105859756e-03
2.341920277103781700e-03
1.706484588794410229e-03
1.904761884361505508e-03
1.572326989844441414e-03
1.000000000000000000e+00
1.430615200661122799e-03
1.242236001417040825e-03
1.506024040281772614e-03
1.193317468278110027e-03
1.709401723928749561e-03
1.675041858106851578e-03
1.432664808817207813e-03
1.314060413278639317e-03
1.140250824391841888e-03
1.358695677481591702e-03
1.642036135308444500e-03
1.633986947126686573e-03
1.461988314986228943e-03
1.540832105092704296e-03
1.988071482628583908e-03
1.267427112907171249e-03
1.488095265813171864e-03
1.612903201021254063e-03
1.408450654707849026e-03
1.377410488203167915e-03
1.239157398231327534e-03
1.934236031956970692e-03
1.497006043791770935e-03
1.795332180336117744e-03
1.183431944809854031e-03
1.245329971425235271e-03
1.782531151548027992e-03
1.351351384073495865e-03
1.612903201021254063e-03
1.697792904451489449e-03
1.190476235933601856e-03
2.427184488624334335e-03
1.420454587787389755e-03
1.298701274208724499e-03
2.352941082790493965e-03
1.742160296998918056e-03
1.904761884361505508e-03
1.712328754365444183e-03
1.390820601955056190e-03
1.218026853166520596e-03
1.658374792896211147e-03
1.988071482628583908e-03
1.715265912935137749e-03
1.128668198361992836e-03
1.736111124046146870e-03
1.769911497831344604e-03
1.652892562560737133e-03
1.342281932011246681e-03
1.512859249487519264e-03
1.602564123459160328e-03
1.416430575773119926e-03
1.647446420975029469e-03
1.144164707511663437e-03
1.499250414781272411e-03
1.805054140277206898e-03
1.342281932011246681e-03
1.355013577267527580e-03
1.499250414781272411e-03
1.988071482628583908e-03
1.191895105876028538e-03
1.663893461227416992e-03
1.200480153784155846e-03
1.808318309485912323e-03
2.666666638106107712e-03
1.972386613488197327e-03
1.146788941696286201e-03
1.203369465656578541e-03
1.831501838751137257e-03
1.233045593835413456e-03
2.288329415023326874e-03
1.712328754365444183e-03
1.536098308861255646e-03
2.252252306789159775e-03
1.545595005154609680e-03
1.686340663582086563e-03
1.602564123459160328e-03
1.594896311871707439e-03
1.362397801131010056e-03
1.282051322050392628e-03
1.960784429684281349e-03
1.763668376952409744e-03
1.838235300965607166e-03
1.567398081533610821e-03
1.233045593835413456e-03
1.712328754365444183e-03
1.517450669780373573e-03
1.748251728713512421e-03
1.278772368095815182e-03
1.748251728713512421e-03
1.763668376952409744e-03
1.851851819083094597e-03
1.779359416104853153e-03
1.508295652456581593e-03
1.366120181046426296e-03
1.191895105876028538e-03
1.305483048781752586e-03
1.805054140277206898e-03
1.366120181046426296e-03
1.976284664124250412e-03
1.295336754992604256e-03
1.479289960116147995e-03
1.883239136077463627e-03
1.116071478463709354e-03
2.237136475741863251e-03
1.785714295692741871e-03
1.302083372138440609e-03
2.109704539179801941e-03
1.805054140277206898e-03
1.748251728713512421e-03
1.494768308475613594e-03
1.550387591123580933e-03
1.215066877193748951e-03
1.310616033151745796e-03
1.742160296998918056e-03
1.706484588794410229e-03
1.712328754365444183e-03
1.221001264639198780e-03
2.688172040507197380e-03
1.919385744258761406e-03
1.960784429684281349e-03
1.540832105092704296e-03
2.610966097563505173e-03
2.267573727294802666e-03
2.272727200761437416e-03
1.243781065568327904e-03
1.154734403826296329e-03
1.569858752191066742e-03
1.326259924098849297e-03
4.629629664123058319e-03
1.773049589246511459e-03
2.252252306789159775e-03
1.472754054702818394e-03
1.589825144037604332e-03
1.503759413026273251e-03
1.677852356806397438e-03
1.190476235933601856e-03
1.497006043791770935e-03
1.801801845431327820e-03
1.730103860609233379e-03
1.633986947126686573e-03
1.631321385502815247e-03
1.410437282174825668e-03
1.886792480945587158e-03
1.669449033215641975e-03
1.400560257025063038e-03
1.739130471833050251e-03
1.257861615158617496e-03
1.543209888041019440e-03
1.560062402859330177e-03
1.212121220305562019e-03
1.094091916456818581e-03
1.242236001417040825e-03
1.331557868979871273e-03
1.400560257025063038e-03
1.248439424671232700e-03
1.177856349386274815e-03
1.538461539894342422e-03
1.642036135308444500e-03
1.689189230091869831e-03
1.390820601955056190e-03
2.004008041694760323e-03
1.560062402859330177e-03
1.436781603842973709e-03
2.415458904579281807e-03
1.584786106832325459e-03
1.652892562560737133e-03
1.470588264055550098e-03
1.344086020253598690e-03
1.264222548343241215e-03
2.557544736191630363e-03
1.317523070611059666e-03
1.474926248192787170e-03
2.066115615889430046e-03
1.517450669780373573e-03
1.131221768446266651e-03
1.090512494556605816e-03
1.377410488203167915e-03
1.562500023283064365e-03
1.941747614182531834e-03
1.353179919533431530e-03
2.439024392515420914e-03
1.186239649541676044e-03
1.239157398231327534e-03
1.706484588794410229e-03
2.164502162486314774e-03
1.305483048781752586e-03
1.131221768446266651e-03
1.303780940361320972e-03
1.127395662479102612e-03
1.137656392529606819e-03
1.628664438612759113e-03
1.636661239899694920e-03
1.231527072377502918e-03
1.636661239899694920e-03
1.666666707023978233e-03
1.253132824786007404e-03
1.508295652456581593e-03
2.217294881120324135e-03
1.915708766318857670e-03
1.724137924611568451e-03
1.000000000000000000e+00
1.594896311871707439e-03
1.494768308475613594e-03
1.742160296998918056e-03
1.529052038677036762e-03
1.773049589246511459e-03
1.569858752191066742e-03
1.579778851009905338e-03
1.636661239899694920e-03
1.392757636494934559e-03
1.459853956475853920e-03
1.658374792896211147e-03
1.587301609106361866e-03
1.207729452289640903e-03
1.923076924867928028e-03
1.183431944809854031e-03
1.228501205332577229e-03
1.466275658458471298e-03
1.440922147594392300e-03
1.375515828840434551e-03
1.314060413278639317e-03
1.285347039811313152e-03
2.105263061821460724e-03
1.285347039811313152e-03
1.526717562228441238e-03
2.192982472479343414e-03
1.385041512548923492e-03
1.694915234111249447e-03
1.312335953116416931e-03
1.552795059978961945e-03
2.087682718411087990e-03
2.283104928210377693e-03
1.686340663582086563e-03
1.402524532750248909e-03
1.432664808817207813e-03
2.024291548877954483e-03
1.567398081533610821e-03
1.179245300590991974e-03
1.345894997939467430e-03
1.663893461227416992e-03
2.020202111452817917e-03
1.517450669780373573e-03
1.086956472136080265e-03
1.515151467174291611e-03
2.074688905850052834e-03
2.000000094994902611e-03
1.757469261065125465e-03
1.295336754992604256e-03
1.379310386255383492e-03
1.136363600380718708e-03
1.692047342658042908e-03
1.197604811750352383e-03
1.865671598352491856e-03
1.972386613488197327e-03
1.324503333307802677e-03
1.499250414781272411e-03
1.242236001417040825e-03
1.497006043791770935e-03
1.317523070611059666e-03
7.407407276332378387e-03
1.219512196257710457e-03
1.165501191280782223e-03
1.706484588794410229e-03
1.766784465871751308e-03
1.779359416104853153e-03
1.308900536969304085e-03
1.718213083222508430e-03
2.207505516707897186e-03
1.677852356806397438e-03
1.602564123459160328e-03
1.422475092113018036e-03
1.249999972060322762e-03
1.197604811750352383e-03
1.344086020253598690e-03
1.259445794858038425e-03
1.317523070611059666e-03
1.138952211476862431e-03
1.377410488203167915e-03
1.256281393580138683e-03
1.193317468278110027e-03
1.131221768446266651e-03
1.140250824391841888e-03
1.273885369300842285e-03
1.404494396410882473e-03
1.230012276209890842e-03
1.517450669780373573e-03
1.477104844525456429e-03
1.683501643128693104e-03
1.215066877193748951e-03
1.440922147594392300e-03
1.503759413026273251e-03
1.443001441657543182e-03
1.529052038677036762e-03
1.736111124046146870e-03
1.183431944809854031e-03
1.742160296998918056e-03
1.524390187114477158e-03
2.036659978330135345e-03
1.468428759835660458e-03
1.555209979414939880e-03
1.390820601955056190e-03
1.406469731591641903e-03
1.221001264639198780e-03
1.278772368095815182e-03
2.427184488624334335e-03
1.251564477570354939e-03
1.148105598986148834e-03
1.237623742781579494e-03
2.610966097563505173e-03
1.647446420975029469e-03
1.661129528656601906e-03
1.331557868979871273e-03
1.579778851009905338e-03
1.792114693671464920e-03
1.697792904451489449e-03
1.996007980778813362e-03
1.661129528656601906e-03
2.272727200761437416e-03
1.582278520800173283e-03
1.712328754365444183e-03
1.394700142554938793e-03
1.763668376952409744e-03
1.457726000808179379e-03
1.785714295692741871e-03
1.718213083222508430e-03
1.524390187114477158e-03
1.497006043791770935e-03
2.092050155624747276e-03
1.512859249487519264e-03
1.221001264639198780e-03
1.245329971425235271e-03
1.091703074052929878e-03
1.416430575773119926e-03
1.782531151548027992e-03
1.176470541395246983e-03
1.428571413271129131e-03
1.594896311871707439e-03
1.237623742781579494e-03
1.333333319053053856e-03
1.426533563062548637e-03
1.347708865068852901e-03
2.061855746433138847e-03
1.133786863647401333e-03
2.118644071742892265e-03
1.430615200661122799e-03
1.226993859745562077e-03
1.633986947126686573e-03
1.763668376952409744e-03
2.444987883791327477e-03
1.314060413278639317e-03
1.531393616460263729e-03
1.142857130616903305e-03
1.639344263821840286e-03
1.538461539894342422e-03
2.061855746433138847e-03
1.170960138551890850e-03
1.612903201021254063e-03
1.567398081533610821e-03
1.447177957743406296e-03
1.560062402859330177e-03
1.647446420975029469e-03
1.848428859375417233e-03
1.176470541395246983e-03
1.261034049093723297e-03
1.184834167361259460e-03
1.295336754992604256e-03
1.375515828840434551e-03
1.349527621641755104e-03
1.612903201021254063e-03
1.314060413278639317e-03
1.243781065568327904e-03
1.328021287918090820e-03
1.340482616797089577e-03
1.373626408167183399e-03
1.706484588794410229e-03
1.440922147594392300e-03
1.388888922519981861e-03
1.890359213575720787e-03
2.012072363868355751e-03
2.352941082790493965e-03
2.083333441987633705e-03
2.087682718411087990e-03
1.773049589246511459e-03
1.677852356806397438e-03
1.118568237870931625e-03
1.186239649541676044e-03
1.776198972947895527e-03
1.529052038677036762e-03
1.557632349431514740e-03
1.545595005154609680e-03
1.303780940361320972e-03
1.538461539894342422e-03
2.433090005069971085e-03
2.617801073938608170e-03
2.469135913997888565e-03
1.248439424671232700e-03
2.557544736191630363e-03
1.321004005149006844e-03
1.345894997939467430e-03
1.438848907127976418e-03
1.550387591123580933e-03
1.584786106832325459e-03
1.605136436410248280e-03
1.574803143739700317e-03
1.675041858106851578e-03
2.105263061821460724e-03
2.252252306789159775e-03
1.273885369300842285e-03
1.383125898428261280e-03
1.161440159194171429e-03
6.666667014360427856e-02
3.067484591156244278e-03
1.373626408167183399e-03
1.216545002534985542e-03
2.369668334722518921e-03
1.694915234111249447e-03
1.745200715959072113e-03
1.754386001266539097e-03
1.672240789048373699e-03
2.028397517278790474e-03
2.531645586714148521e-03
1.329787191934883595e-03
1.631321385502815247e-03
1.187648507766425610e-03
1.782531151548027992e-03
2.079002093523740768e-03
1.879699295386672020e-03
1.204819302074611187e-03
1.562500023283064365e-03
1.253132824786007404e-03
1.550387591123580933e-03
1.282051322050392628e-03
1.270647975616157055e-03
1.453488366678357124e-03
1.557632349431514740e-03
2.386634936556220055e-03
1.680672285147011280e-03
1.953125000000000000e-03
1.865671598352491856e-03
2.403846243396401405e-03
1.303780940361320972e-03
1.821493613533675671e-03
1.216545002534985542e-03
1.567398081533610821e-03
3.225806355476379395e-02
1.264222548343241215e-03
1.410437282174825668e-03
1.237623742781579494e-03
1.207729452289640903e-03
1.197604811750352383e-03
1.210653805173933506e-03
1.179245300590991974e-03
1.237623742781579494e-03
1.127395662479102612e-03
1.157407416030764580e-03
1.161440159194171429e-03
1.328021287918090820e-03
1.132502802647650242e-03
1.655629137530922890e-03
1.194743090309202671e-03
1.127395662479102612e-03
1.206272630952298641e-03
1.358695677481591702e-03
1.392757636494934559e-03
1.474926248192787170e-03
1.176470541395246983e-03
1.342281932011246681e-03
1.428571492433547974e-01
1.133786863647401333e-03
2.028397517278790474e-03
1.331557868979871273e-03
2.277904422953724861e-03
1.661129528656601906e-03
1.392757636494934559e-03
1.883239136077463627e-03
1.479289960116147995e-03
2.331002382561564445e-03
2.754820976406335831e-03
1.335113542154431343e-03
1.324503333307802677e-03
1.165501191280782223e-03
2.469135913997888565e-03
1.131221768446266651e-03
1.340482616797089577e-03
1.890359213575720787e-03
1.402524532750248909e-03
1.270647975616157055e-03
1.468428759835660458e-03
1.531393616460263729e-03
2.469135913997888565e-03
1.400560257025063038e-03
2.739726100116968155e-03
1.364256488159298897e-03
1.356852124445140362e-03
1.792114693671464920e-03
1.642036135308444500e-03
1.779359416104853153e-03
1.607717014849185944e-03
2.551020355895161629e-03
1.434720237739384174e-03
1.779359416104853153e-03
2.610966097563505173e-03
4.694835748523473740e-03
1.838235300965607166e-03
1.788908732123672962e-03
1.206272630952298641e-03
1.449275412596762180e-03
1.557632349431514740e-03
1.647446420975029469e-03
1.851851819083094597e-03
1.506024040281772614e-03
2.150537678971886635e-03
1.610305975191295147e-03
2.004008041694760323e-03
1.631321385502815247e-03
1.342281932011246681e-03
1.358695677481591702e-03
1.760563347488641739e-03
1.414427184499800205e-03
1.715265912935137749e-03
1.331557868979871273e-03
1.536098308861255646e-03
1.336898421868681908e-03
1.945525291375815868e-03
1.412429381161928177e-03
1.721170381642878056e-03
1.677852356806397438e-03
1.351351384073495865e-03
2.016128972172737122e-03
1.333333319053053856e-03
1.406469731591641903e-03
1.371742109768092632e-03
1.383125898428261280e-03
1.447177957743406296e-03
1.371742109768092632e-03
1.278772368095815182e-03
1.533742295578122139e-03
1.721170381642878056e-03
1.381215522997081280e-03
2.375297015532851219e-03
1.199040794745087624e-03
6.134969182312488556e-03
1.302083372138440609e-03
1.347708865068852901e-03
1.210653805173933506e-03
1.123595517128705978e-03
1.148105598986148834e-03
1.404494396410882473e-03
1.297016860917210579e-03
1.712328754365444183e-03
1.197604811750352383e-03
1.230012276209890842e-03
1.385041512548923492e-03
1.697792904451489449e-03
1.658374792896211147e-03
1.447177957743406296e-03
1.270647975616157055e-03
1.282051322050392628e-03
1.262626261450350285e-03
1.239157398231327534e-03
1.119820866733789444e-03
1.236093929037451744e-03
1.201923121698200703e-03
1.184834167361259460e-03
1.234567956998944283e-03
1.201923121698200703e-03
1.275510177947580814e-03
1.196172204799950123e-03
1.216545002534985542e-03
1.209189882501959801e-03
1.186239649541676044e-03
1.782531151548027992e-03
1.200480153784155846e-03
1.212121220305562019e-03
1.156069338321685791e-03
1.108647440560162067e-03
1.285347039811313152e-03
1.186239649541676044e-03
1.175088109448552132e-03
1.572326989844441414e-03
1.424501417204737663e-03
1.140250824391841888e-03
1.182033098302781582e-03
1.146788941696286201e-03
1.121076289564371109e-03
1.269035506993532181e-03
1.269035506993532181e-03
1.146788941696286201e-03
1.293661072850227356e-03
1.218026853166520596e-03
1.154734403826296329e-03
1.287001301534473896e-03
1.329787191934883595e-03
1.226993859745562077e-03
1.177856349386274815e-03
1.291989698074758053e-03
1.193317468278110027e-03
1.212121220305562019e-03
1.338688074611127377e-03
1.364256488159298897e-03
1.275510177947580814e-03
1.254705130122601986e-03
1.213592244312167168e-03
1.194743090309202671e-03
1.117318402975797653e-03
1.207729452289640903e-03
1.385041512548923492e-03
1.207729452289640903e-03
1.272264635190367699e-03
1.257861615158617496e-03
1.200480153784155846e-03
1.239157398231327534e-03
1.356852124445140362e-03
1.206272630952298641e-03
1.213592244312167168e-03
1.225490239448845387e-03
1.225490239448845387e-03
1.333333319053053856e-03
1.201923121698200703e-03
1.199040794745087624e-03
1.418439671397209167e-03
1.126126153394579887e-03
1.149425283074378967e-03
1.189060625620186329e-03
1.140250824391841888e-03
1.210653805173933506e-03
1.538461539894342422e-03
1.270647975616157055e-03
1.179245300590991974e-03
1.310616033151745796e-03
1.288659754209220409e-03
1.547987572848796844e-03
1.428571413271129131e-03
1.338688074611127377e-03
1.584786106832325459e-03
1.239157398231327534e-03
1.552795059978961945e-03
1.203369465656578541e-03
1.404494396410882473e-03
2.518891589716076851e-03
1.988071482628583908e-03
1.494768308475613594e-03
1.201923121698200703e-03
1.328021287918090820e-03
1.197604811750352383e-03
1.196172204799950123e-03
1.270647975616157055e-03
1.191895105876028538e-03
1.312335953116416931e-03
1.123595517128705978e-03
1.472754054702818394e-03
1.317523070611059666e-03
1.379310386255383492e-03
1.138952211476862431e-03
1.140250824391841888e-03
1.319261267781257629e-03
1.529052038677036762e-03
1.193317468278110027e-03
1.360544236376881599e-03
1.285347039811313152e-03
1.288659754209220409e-03
1.253132824786007404e-03
1.283697085455060005e-03
1.430615200661122799e-03
1.451378804631531239e-03
1.201923121698200703e-03
1.245329971425235271e-03
1.287001301534473896e-03
1.353179919533431530e-03
1.209189882501959801e-03
1.245329971425235271e-03
1.182033098302781582e-03
1.249999972060322762e-03
1.269035506993532181e-03
1.231527072377502918e-03
1.262626261450350285e-03
1.261034049093723297e-03
1.213592244312167168e-03
1.190476235933601856e-03
1.221001264639198780e-03
1.199040794745087624e-03
1.297016860917210579e-03
1.201923121698200703e-03
1.193317468278110027e-03
1.386962598189711571e-03
1.230012276209890842e-03
1.193317468278110027e-03
1.169590628705918789e-03
1.262626261450350285e-03
1.207729452289640903e-03
1.345894997939467430e-03
1.288659754209220409e-03
1.218026853166520596e-03
1.228501205332577229e-03
1.331557868979871273e-03
1.270647975616157055e-03
1.177856349386274815e-03
1.158748520538210869e-03
1.173708937130868435e-03
1.272264635190367699e-03
1.221001264639198780e-03
1.259445794858038425e-03
1.231527072377502918e-03
1.222493941895663738e-03
1.251564477570354939e-03
1.218026853166520596e-03
1.206272630952298641e-03
1.277139177545905113e-03
1.426533563062548637e-03
1.317523070611059666e-03
1.277139177545905113e-03
1.246882835403084755e-03
1.230012276209890842e-03
1.175088109448552132e-03
1.285347039811313152e-03
1.298701274208724499e-03
2.136752242222428322e-03
1.335113542154431343e-03
1.290322630666196346e-03
1.440922147594392300e-03
1.270647975616157055e-03
1.187648507766425610e-03
1.262626261450350285e-03
1.324503333307802677e-03
1.307189580984413624e-03
1.275510177947580814e-03
1.424501417204737663e-03
1.347708865068852901e-03
1.338688074611127377e-03
1.440922147594392300e-03
1.364256488159298897e-03
1.364256488159298897e-03
1.562500023283064365e-03
1.326259924098849297e-03
1.466275658458471298e-03
1.347708865068852901e-03
1.426533563062548637e-03
1.455604098737239838e-03
1.329787191934883595e-03
1.312335953116416931e-03
1.605136436410248280e-03
2.409638604149222374e-03
1.379310386255383492e-03
1.386962598189711571e-03
1.353179919533431530e-03
1.329787191934883595e-03
1.240694778971374035e-03
1.449275412596762180e-03
1.392757636494934559e-03
1.222493941895663738e-03
1.156069338321685791e-03
1.127395662479102612e-03
1.242236001417040825e-03
1.335113542154431343e-03
1.584786106832325459e-03
1.572326989844441414e-03
1.904761884361505508e-03
2.624671906232833862e-03
1.234567956998944283e-03
1.385041512548923492e-03
1.953125000000000000e-03
1.265822793357074261e-03
1.282051322050392628e-03
1.280409749597311020e-03
1.233045593835413456e-03
1.404494396410882473e-03
1.422475092113018036e-03
2.016128972172737122e-03
1.592356711626052856e-03
1.312335953116416931e-03
1.531393616460263729e-03
1.272264635190367699e-03
1.406469731591641903e-03
1.612903201021254063e-03
1.814882038161158562e-03
1.293661072850227356e-03
1.453488366678357124e-03
1.283697085455060005e-03
1.333333319053053856e-03
1.524390187114477158e-03
1.218026853166520596e-03
1.472754054702818394e-03
1.243781065568327904e-03
1.652892562560737133e-03
1.742160296998918056e-03
1.599999959580600262e-03
1.396648003719747066e-03
1.344086020253598690e-03
1.245329971425235271e-03
1.385041512548923492e-03
1.440922147594392300e-03
1.730103860609233379e-03
1.655629137530922890e-03
1.488095265813171864e-03
1.312335953116416931e-03
1.345894997939467430e-03
1.338688074611127377e-03
1.308900536969304085e-03
1.388888922519981861e-03
1.319261267781257629e-03
1.481481478549540043e-03
1.353179919533431530e-03
1.243781065568327904e-03
1.398601452820003033e-03
1.283697085455060005e-03
1.315789530053734779e-03
1.414427184499800205e-03
1.328021287918090820e-03
1.349527621641755104e-03
1.402524532750248909e-03
1.242236001417040825e-03
1.915708766318857670e-03
1.212121220305562019e-03
1.926782308146357536e-03
2.347417874261736870e-03
1.248439424671232700e-03
1.402524532750248909e-03
1.262626261450350285e-03
1.226993859745562077e-03
1.577287097461521626e-03
2.638522535562515259e-03
1.416430575773119926e-03
1.386962598189711571e-03
1.358695677481591702e-03
1.547987572848796844e-03
1.275510177947580814e-03
1.988071482628583908e-03
1.317523070611059666e-03
1.501501537859439850e-03
1.412429381161928177e-03
1.912045874632894993e-03
1.398601452820003033e-03
1.639344263821840286e-03
1.883239136077463627e-03
2.109704539179801941e-03
1.404494396410882473e-03
2.032520249485969543e-03
2.380952471867203712e-03
1.434720237739384174e-03
1.785714295692741871e-03
1.828153617680072784e-03
1.422475092113018036e-03
1.579778851009905338e-03
1.663893461227416992e-03
1.808318309485912323e-03
1.923076924867928028e-03
1.543209888041019440e-03
1.623376621864736080e-03
1.519756857305765152e-03
1.000000000000000000e+00
1.503759413026273251e-03
1.801801845431327820e-03
9.803921915590763092e-03
1.000000000000000000e+00
1.692047342658042908e-03
1.652892562560737133e-03
1.547987572848796844e-03
1.661129528656601906e-03
6.666667014360427856e-02
2.551020355895161629e-03
1.000000000000000000e+00
1.805054140277206898e-03
1.000000000000000000e+00
4.347826167941093445e-02
1.838235300965607166e-03
5.882352963089942932e-02
2.136752242222428322e-03
5.000000000000000000e-01
5.000000000000000000e-01
8.333333581686019897e-02
3.703703731298446655e-02
3.846153989434242249e-02
1.000000000000000000e+00
1.000000000000000000e+00
5.000000000000000000e-01
2.000000029802322388e-01
2.000000029802322388e-01
1.428571492433547974e-01
2.000000029802322388e-01
2.000000029802322388e-01
2.000000029802322388e-01
3.333333432674407959e-01
1.000000000000000000e+00
4.761904850602149963e-02
7.692307978868484497e-02
7.692307978868484497e-02
3.333333432674407959e-01
4.166666790843009949e-02
1.666666716337203979e-01
1.111111119389533997e-01
1.111111119389533997e-01
1.111111119389533997e-01
2.500000000000000000e-01
2.500000000000000000e-01
1.000000000000000000e+00
1.000000000000000000e+00
1.000000000000000000e+00
4.545454680919647217e-02
3.125000000000000000e-02
2.500000000000000000e-01
1.666666716337203979e-01
1.428571492433547974e-01
5.000000000000000000e-01
2.500000000000000000e-01
3.333333432674407959e-01
1.428571492433547974e-01
1.000000000000000000e+00
1.000000000000000000e+00
5.000000000000000000e-01
5.000000000000000000e-01
3.333333432674407959e-01
1.000000000000000000e+00
5.000000000000000000e-01
5.000000000000000000e-01
1.000000000000000000e+00
1.459853956475853920e-03
3.333333432674407959e-01
