2.949852496385574341e-03
2.808988792821764946e-03
2.222222276031970978e-02
2.967359032481908798e-03
2.525252522900700569e-03
1.000000000000000000e+00
1.000000000000000000e+00
5.000000000000000000e-01
2.645502565428614616e-03
4.255319014191627502e-03
1.000000000000000000e+00
2.421307610347867012e-03
1.666666716337203979e-01
3.921568859368562698e-03
2.475247485563158989e-03
3.508772002533078194e-03
7.633587811142206192e-03
3.999999910593032837e-02
3.311258275061845779e-03
2.617801073938608170e-03
2.439024299383163452e-02
2.173912944272160530e-03
2.932551316916942596e-03
2.500000000000000000e-01
2.645502565428614616e-03
2.732240362092852592e-03
3.937007859349250793e-03
2.597402548417448997e-03
3.030302934348583221e-03
1.315789483487606049e-02
2.183406148105859756e-03
3.333333432674407959e-01
2.409638604149222374e-03
2.364066196605563164e-03
2.267573727294802666e-03
5.128205288201570511e-03
1.666666716337203979e-01
3.012048080563545227e-03
2.564102597534656525e-02
2.785515272989869118e-03
2.040816284716129303e-02
2.570694079622626305e-03
2.444987883791327477e-03
2.358490601181983948e-03
3.333333414047956467e-03
2.849002834409475327e-03
1.515151560306549072e-02
1.515151560306549072e-02
3.846153989434242249e-02
1.013171277008950710e-03
1.000000000000000000e+00
2.127659507095813751e-02
3.546099178493022919e-03
2.444987883791327477e-03
2.439024392515420914e-03
1.000000000000000000e+00
5.000000000000000000e-01
2.164502162486314774e-03
2.341920277103781700e-03
3.048780374228954315e-03
2.840909175574779510e-03
2.638522535562515259e-03
2.832861151546239853e-03
4.424778744578361511e-03
4.484305158257484436e-03
4.484305158257484436e-03
4.950494971126317978e-03
2.409638604149222374e-03
1.000000000000000000e+00
2.173913083970546722e-02
4.629629664123058319e-03
3.333333432674407959e-01
1.666666716337203979e-01
5.917159840464591980e-03
2.380952471867203712e-03
4.424778744578361511e-03
2.173912944272160530e-03
5.000000000000000000e-01
5.000000000000000000e-01
2.127659507095813751e-02
2.604166744276881218e-03
3.333333432674407959e-01
2.500000000000000000e-01
1.428571492433547974e-01
2.890173345804214478e-03
1.886792480945587158e-02
1.204819232225418091e-02
2.617801073938608170e-03
3.355704713612794876e-03
2.173913083970546722e-02
1.515151560306549072e-02
1.785714365541934967e-02
6.578947417438030243e-03
6.250000000000000000e-02
1.000000014901161194e-01
7.812500000000000000e-03
8.849557489156723022e-03
8.928571827709674835e-03
7.633587811142206192e-03
3.546099178493022919e-03
7.142857462167739868e-02
1.666666716337203979e-01
2.277904422953724861e-03
2.551020355895161629e-03
2.475247485563158989e-03
2.604166744276881218e-03
2.958579920232295990e-03
2.320185536518692970e-03
2.242152579128742218e-03
5.000000000000000000e-01
5.000000000000000000e-01
1.000000000000000000e+00
4.000000189989805222e-03
9.009009227156639099e-03
1.000000000000000000e+00
3.952569328248500824e-03
2.932551316916942596e-03
3.703703731298446655e-02
3.460207721218466759e-03
3.215434029698371887e-03
2.314814832061529160e-03
2.178649185225367546e-03
2.857142873108386993e-02
2.500000000000000000e-01
1.010101055726408958e-03
1.666666716337203979e-01
2.967359032481908798e-03
2.949852496385574341e-03
4.098360426723957062e-03
4.166666883975267410e-03
3.448275849223136902e-02
2.288329415023326874e-03
4.347826167941093445e-02
2.237136475741863251e-03
1.000000000000000000e+00
4.545454680919647217e-02
4.504504613578319550e-03
3.846153989434242249e-02
6.944444496184587479e-03
3.333333507180213928e-02
3.448275849223136902e-02
1.000000000000000000e+00
2.392344409599900246e-03
3.067484591156244278e-03
3.831417532637715340e-03
2.421307610347867012e-03
2.178649185225367546e-03
3.952569328248500824e-03
4.016064107418060303e-03
2.941176481544971466e-02
2.092050155624747276e-03
2.341920277103781700e-03
2.336448524147272110e-03
2.320185536518692970e-03
2.551020355895161629e-03
1.666666716337203979e-01
1.666666716337203979e-01
2.915452001616358757e-03
5.000000000000000000e-01
5.181347019970417023e-03
4.761904850602149963e-02
3.333333507180213928e-02
3.448275849223136902e-02
3.999999910593032837e-02
2.364066196605563164e-03
2.320185536518692970e-03
2.298850566148757935e-03
2.298850566148757935e-03
2.197802299633622169e-03
2.557544736191630363e-03
3.095975145697593689e-03
2.232142956927418709e-03
2.320185536518692970e-03
2.659574383869767189e-03
3.731343196704983711e-03
1.204819232225418091e-02
3.703703731298446655e-02
3.703703731298446655e-02
3.571428731083869934e-02
3.703703731298446655e-02
3.703703731298446655e-02
1.388888899236917496e-02
2.557544736191630363e-03
4.545454680919647217e-02
2.272727200761437416e-03
2.652519848197698593e-03
2.463054144755005836e-03
2.127659507095813751e-03
3.333333432674407959e-01
1.351351384073495865e-02
3.144653979688882828e-03
2.816901309415698051e-03
3.194888122379779816e-03
2.857142826542258263e-03
3.105590119957923889e-03
1.351351384073495865e-02
2.314814832061529160e-03
3.999999910593032837e-02
1.250000000000000000e-01
1.250000000000000000e-01
2.604166744276881218e-03
2.617801073938608170e-03
2.358490601181983948e-03
2.518891589716076851e-03
2.277904422953724861e-03
2.247191034257411957e-03
2.212389372289180756e-03
2.267573727294802666e-03
2.227171557024121284e-03
2.237136475741863251e-03
2.247191034257411957e-03
2.237136475741863251e-03
2.227171557024121284e-03
2.747252816334366798e-03
2.232142956927418709e-03
2.604166744276881218e-03
3.333333414047956467e-03
2.801120514050126076e-03
6.410256493836641312e-03
2.227171557024121284e-03
2.252252306789159775e-03
3.225806355476379395e-02
1.923076994717121124e-02
2.040816284716129303e-02
3.278688527643680573e-03
2.695417730137705803e-03
3.623188473284244537e-03
2.444987883791327477e-03
1.011122367344796658e-03
2.808988792821764946e-03
4.000000189989805222e-03
3.333333432674407959e-01
1.000000000000000000e+00
7.751937955617904663e-03
3.144653979688882828e-03
3.125000046566128731e-03
9.842519648373126984e-04
7.142857182770967484e-03
2.298850566148757935e-03
3.333333507180213928e-02
2.624671906232833862e-03
3.246753243729472160e-03
2.369668334722518921e-03
1.034126151353120804e-03
2.192982472479343414e-03
1.041666697710752487e-02
2.293577883392572403e-03
3.048780374228954315e-03
2.994012087583541870e-03
3.003003075718879700e-03
2.967359032481908798e-03
3.003003075718879700e-03
4.347826167941093445e-02
1.000000014901161194e-01
1.111111119389533997e-01
1.111111119389533997e-01
9.090909361839294434e-02
1.000000014901161194e-01
1.000000014901161194e-01
9.090909361839294434e-02
2.427184488624334335e-03
2.544529270380735397e-03
2.518891589716076851e-03
2.666666638106107712e-03
2.469135913997888565e-03
2.531645586714148521e-03
2.499999944120645523e-03
2.518891589716076851e-03
2.444987883791327477e-03
2.444987883791327477e-03
2.320185536518692970e-03
2.949852496385574341e-03
2.347417874261736870e-03
3.703703731298446655e-02
3.703703731298446655e-02
3.703703731298446655e-02
4.166666790843009949e-02
3.703703731298446655e-02
3.703703731298446655e-02
3.703703731298446655e-02
4.166666790843009949e-02
3.703703731298446655e-02
3.703703731298446655e-02
3.703703731298446655e-02
3.703703731298446655e-02
1.388888899236917496e-02
1.785714365541934967e-02
1.785714365541934967e-02
1.818181760609149933e-02
1.754385977983474731e-02
1.754385977983474731e-02
1.694915257394313812e-02
1.754385977983474731e-02
1.369863003492355347e-02
1.754385977983474731e-02
1.754385977983474731e-02
3.703703731298446655e-02
1.754385977983474731e-02
1.754385977983474731e-02
2.272727200761437416e-03
2.949852496385574341e-03
2.518891589716076851e-03
2.564102644100785255e-03
2.583979396149516106e-03
2.570694079622626305e-03
2.583979396149516106e-03
2.564102644100785255e-03
1.041666697710752487e-02
1.011122367344796658e-03
1.011122367344796658e-03
1.033057807944715023e-03
4.901960957795381546e-03
5.263158120214939117e-03
6.410256493836641312e-03
4.716981202363967896e-03
2.754820976406335831e-03
3.831417532637715340e-03
4.385964944958686829e-03
1.052631624042987823e-02
4.566209856420755386e-03
4.385964944958686829e-03
4.347825888544321060e-03
1.538461539894342422e-02
3.831417532637715340e-03
2.272727200761437416e-03
2.469135913997888565e-03
2.331002382561564445e-03
2.150537678971886635e-03
9.009009227156639099e-03
3.999999910593032837e-02
4.545454680919647217e-02
9.999999776482582092e-03
3.448275849223136902e-02
1.007049344480037689e-03
3.333333507180213928e-02
4.761904850602149963e-02
4.545454680919647217e-02
4.545454680919647217e-02
2.415458904579281807e-03
4.545454680919647217e-02
2.967359032481908798e-03
5.000000000000000000e-01
2.262443536892533302e-03
2.375297015532851219e-03
3.154574194923043251e-03
3.389830468222498894e-03
1.666666716337203979e-01
2.298850566148757935e-03
3.636363660916686058e-03
2.409638604149222374e-03
2.785515272989869118e-03
2.754820976406335831e-03
2.754820976406335831e-03
5.128205288201570511e-03
2.688172040507197380e-03
9.285050909966230392e-04
1.011122367344796658e-03
4.166666790843009949e-02
4.545454680919647217e-02
2.604166744276881218e-03
3.030303120613098145e-02
2.777777798473834991e-02
2.857142873108386993e-02
3.448275849223136902e-02
1.666666753590106964e-02
1.694915257394313812e-02
2.277904422953724861e-03
2.277904422953724861e-03
2.481389557942748070e-03
2.227171557024121284e-03
2.164502162486314774e-03
2.114164875820279121e-03
2.136752242222428322e-03
2.123142359778285027e-03
1.428571492433547974e-01
2.277904422953724861e-03
3.968254197388887405e-03
1.011122367344796658e-03
2.183406148105859756e-03
2.202643081545829773e-03
2.164502162486314774e-03
1.010101055726408958e-03
2.898550825193524361e-03
2.849002834409475327e-03
1.470588240772485733e-02
2.941176481544971466e-02
2.949852496385574341e-03
9.090908803045749664e-03
4.132231231778860092e-03
2.369668334722518921e-03
2.544529270380735397e-03
2.475247485563158989e-03
2.222222276031970978e-03
1.020408119075000286e-03
1.011122367344796658e-03
4.545454680919647217e-02
2.169197425246238708e-03
2.570694079622626305e-03
2.570694079622626305e-03
1.111111119389533997e-01
1.428571492433547974e-01
2.237136475741863251e-03
2.202643081545829773e-03
2.732240362092852592e-03
2.188183832913637161e-03
2.590673509985208511e-03
2.159827155992388725e-03
2.252252306789159775e-03
3.891050582751631737e-03
2.325581386685371399e-03
2.252252306789159775e-03
2.283104928210377693e-03
2.252252306789159775e-03
9.090908803045749664e-03
5.000000000000000000e-01
2.183406148105859756e-03
3.154574194923043251e-03
3.154574194923043251e-03
1.011122367344796658e-03
1.009081723168492317e-03
3.921568859368562698e-03
2.173912944272160530e-03
3.067484591156244278e-03
2.212389372289180756e-03
2.207505516707897186e-03
2.212389372289180756e-03
2.212389372289180756e-03
2.212389372289180756e-03
2.212389372289180756e-03
2.298850566148757935e-03
2.272727200761437416e-03
2.457002410665154457e-03
1.011122367344796658e-03
1.011122367344796658e-03
1.011122367344796658e-03
3.937007859349250793e-03
2.531645586714148521e-03
2.557544736191630363e-03
6.756756920367479324e-03
2.222222276031970978e-03
2.976190531626343727e-03
2.487562131136655807e-03
2.487562131136655807e-03
2.433090005069971085e-03
2.288329415023326874e-03
3.174603218212723732e-03
2.538071013987064362e-03
2.985074650496244431e-03
2.427184488624334335e-03
2.499999944120645523e-03
2.415458904579281807e-03
7.407407276332378387e-03
1.666666716337203979e-01
1.000000000000000000e+00
2.824858762323856354e-03
2.457002410665154457e-03
2.557544736191630363e-03
2.604166744276881218e-03
2.617801073938608170e-03
2.341920277103781700e-03
2.298850566148757935e-03
2.444987883791327477e-03
2.272727200761437416e-03
2.267573727294802666e-03
2.267573727294802666e-03
2.247191034257411957e-03
2.564102644100785255e-03
2.564102644100785255e-03
2.604166744276881218e-03
2.597402548417448997e-03
2.481389557942748070e-03
2.481389557942748070e-03
2.631579060107469559e-03
2.597402548417448997e-03
2.481389557942748070e-03
2.481389557942748070e-03
2.141327597200870514e-03
2.298850566148757935e-03
2.155172405764460564e-03
3.448275849223136902e-03
3.436426166445016861e-03
3.367003286257386208e-03
3.424657508730888367e-03
3.401360474526882172e-03
3.401360474526882172e-03
2.604166744276881218e-03
2.304147463291883469e-03
2.247191034257411957e-03
2.252252306789159775e-03
3.144653979688882828e-03
2.392344409599900246e-03
2.298850566148757935e-03
2.352941082790493965e-03
2.325581386685371399e-03
2.392344409599900246e-03
2.364066196605563164e-03
2.525252522900700569e-03
3.194888122379779816e-03
3.144653979688882828e-03
3.184713423252105713e-03
3.174603218212723732e-03
2.702702768146991730e-03
2.283104928210377693e-03
2.325581386685371399e-03
2.192982472479343414e-03
2.314814832061529160e-03
2.347417874261736870e-03
2.314814832061529160e-03
2.242152579128742218e-03
2.325581386685371399e-03
2.237136475741863251e-03
2.237136475741863251e-03
2.237136475741863251e-03
2.242152579128742218e-03
2.237136475741863251e-03
2.237136475741863251e-03
2.652519848197698593e-03
2.652519848197698593e-03
2.469135913997888565e-03
2.444987883791327477e-03
2.673796843737363815e-03
2.673796843737363815e-03
2.710027154535055161e-03
2.710027154535055161e-03
2.352941082790493965e-03
2.197802299633622169e-03
2.232142956927418709e-03
2.439024392515420914e-03
2.217294881120324135e-03
2.506265649572014809e-03
2.293577883392572403e-03
2.298850566148757935e-03
2.293577883392572403e-03
2.293577883392572403e-03
2.207505516707897186e-03
2.212389372289180756e-03
2.518891589716076851e-03
2.724795602262020111e-03
2.481389557942748070e-03
2.624671906232833862e-03
2.551020355895161629e-03
2.680965233594179153e-03
3.496503457427024841e-03
2.242152579128742218e-03
2.551020355895161629e-03
2.631579060107469559e-03
2.610966097563505173e-03
2.610966097563505173e-03
2.617801073938608170e-03
2.499999944120645523e-03
2.583979396149516106e-03
2.403846243396401405e-03
2.597402548417448997e-03
2.415458904579281807e-03
2.252252306789159775e-03
2.577319508418440819e-03
2.320185536518692970e-03
2.444987883791327477e-03
2.525252522900700569e-03
2.267573727294802666e-03
2.320185536518692970e-03
2.169197425246238708e-03
2.237136475741863251e-03
2.178649185225367546e-03
2.242152579128742218e-03
2.645502565428614616e-03
2.645502565428614616e-03
2.457002410665154457e-03
2.457002410665154457e-03
2.257336396723985672e-03
3.787878900766372681e-03
3.610108280554413795e-03
2.109704539179801941e-03
2.570694079622626305e-03
2.325581386685371399e-03
2.325581386685371399e-03
2.380952471867203712e-03
2.506265649572014809e-03
2.583979396149516106e-03
2.583979396149516106e-03
2.500000000000000000e-01
4.587155766785144806e-03
4.566209856420755386e-03
3.448275849223136902e-02
3.039513714611530304e-03
3.030303120613098145e-02
2.941176481544971466e-02
3.030303120613098145e-02
2.288329415023326874e-03
2.000000029802322388e-01
1.754385977983474731e-02
2.732240362092852592e-03
1.011122367344796658e-03
1.011122367344796658e-03
1.011122367344796658e-03
4.545454680919647217e-02
1.011122367344796658e-03
1.010101055726408958e-03
1.011122367344796658e-03
1.011122367344796658e-03
1.011122367344796658e-03
1.011122367344796658e-03
1.010101055726408958e-03
1.011122367344796658e-03
1.011122367344796658e-03
1.010101055726408958e-03
1.011122367344796658e-03
1.011122367344796658e-03
1.011122367344796658e-03
1.011122367344796658e-03
1.010101055726408958e-03
1.008064486086368561e-03
1.012145774438977242e-03
1.011122367344796658e-03
1.011122367344796658e-03
1.011122367344796658e-03
1.011122367344796658e-03
1.011122367344796658e-03
1.011122367344796658e-03
1.011122367344796658e-03
1.011122367344796658e-03
1.011122367344796658e-03
1.011122367344796658e-03
1.011122367344796658e-03
1.011122367344796658e-03
1.010101055726408958e-03
1.011122367344796658e-03
1.011122367344796658e-03
1.011122367344796658e-03
1.011122367344796658e-03
1.011122367344796658e-03
1.011122367344796658e-03
1.010101055726408958e-03
1.011122367344796658e-03
1.011122367344796658e-03
1.011122367344796658e-03
1.011122367344796658e-03
1.011122367344796658e-03
1.011122367344796658e-03
1.011122367344796658e-03
1.011122367344796658e-03
1.011122367344796658e-03
9.652509470470249653e-04
1.010101055726408958e-03
1.011122367344796658e-03
1.010101055726408958e-03
1.011122367344796658e-03
1.011122367344796658e-03
1.011122367344796658e-03
1.011122367344796658e-03
1.011122367344796658e-03
1.011122367344796658e-03
1.011122367344796658e-03
1.011122367344796658e-03
1.011122367344796658e-03
1.011122367344796658e-03
1.011122367344796658e-03
1.011122367344796658e-03
9.746588766574859619e-04
1.011122367344796658e-03
1.011122367344796658e-03
1.011122367344796658e-03
1.011122367344796658e-03
1.012145774438977242e-03
1.011122367344796658e-03
1.011122367344796658e-03
1.011122367344796658e-03
1.011122367344796658e-03
1.011122367344796658e-03
1.011122367344796658e-03
1.011122367344796658e-03
1.011122367344796658e-03
1.011122367344796658e-03
1.011122367344796658e-03
1.011122367344796658e-03
1.011122367344796658e-03
1.011122367344796658e-03
1.011122367344796658e-03
1.011122367344796658e-03
1.011122367344796658e-03
1.011122367344796658e-03
1.011122367344796658e-03
1.011122367344796658e-03
1.011122367344796658e-03
8.818341884762048721e-04
1.011122367344796658e-03
1.011122367344796658e-03
1.011122367344796658e-03
1.011122367344796658e-03
1.011122367344796658e-03
1.011122367344796658e-03
1.011122367344796658e-03
1.011122367344796658e-03
1.011122367344796658e-03
1.011122367344796658e-03
1.012145774438977242e-03
1.011122367344796658e-03
1.011122367344796658e-03
1.011122367344796658e-03
1.011122367344796658e-03
1.011122367344796658e-03
1.011122367344796658e-03
1.011122367344796658e-03
1.011122367344796658e-03
1.011122367344796658e-03
1.011122367344796658e-03
1.011122367344796658e-03
1.011122367344796658e-03
1.011122367344796658e-03
1.011122367344796658e-03
1.011122367344796658e-03
1.011122367344796658e-03
1.011122367344796658e-03
1.011122367344796658e-03
1.011122367344796658e-03
1.011122367344796658e-03
1.011122367344796658e-03
1.011122367344796658e-03
1.011122367344796658e-03
1.011122367344796658e-03
1.011122367344796658e-03
1.011122367344796658e-03
1.011122367344796658e-03
1.011122367344796658e-03
1.011122367344796658e-03
1.011122367344796658e-03
1.011122367344796658e-03
1.011122367344796658e-03
1.011122367344796658e-03
1.011122367344796658e-03
1.011122367344796658e-03
1.011122367344796658e-03
1.011122367344796658e-03
1.011122367344796658e-03
1.011122367344796658e-03
1.011122367344796658e-03
1.011122367344796658e-03
1.011122367344796658e-03
1.011122367344796658e-03
1.011122367344796658e-03
1.011122367344796658e-03
1.011122367344796658e-03
1.010101055726408958e-03
1.011122367344796658e-03
1.011122367344796658e-03
1.011122367344796658e-03
1.011122367344796658e-03
1.011122367344796658e-03
1.011122367344796658e-03
1.011122367344796658e-03
1.010101055726408958e-03
1.011122367344796658e-03
1.011122367344796658e-03
1.011122367344796658e-03
1.011122367344796658e-03
1.011122367344796658e-03
1.011122367344796658e-03
1.011122367344796658e-03
1.011122367344796658e-03
1.010101055726408958e-03
1.011122367344796658e-03
1.011122367344796658e-03
1.011122367344796658e-03
1.011122367344796658e-03
1.011122367344796658e-03
1.011122367344796658e-03
1.011122367344796658e-03
1.011122367344796658e-03
1.011122367344796658e-03
1.011122367344796658e-03
1.011122367344796658e-03
1.011122367344796658e-03
1.011122367344796658e-03
1.011122367344796658e-03
1.011122367344796658e-03
1.011122367344796658e-03
1.011122367344796658e-03
1.011122367344796658e-03
1.011122367344796658e-03
1.011122367344796658e-03
1.011122367344796658e-03
1.011122367344796658e-03
1.011122367344796658e-03
1.011122367344796658e-03
1.011122367344796658e-03
1.011122367344796658e-03
1.011122367344796658e-03
1.011122367344796658e-03
1.011122367344796658e-03
1.011122367344796658e-03
1.011122367344796658e-03
1.011122367344796658e-03
1.011122367344796658e-03
1.011122367344796658e-03
1.011122367344796658e-03
1.011122367344796658e-03
1.011122367344796658e-03
1.011122367344796658e-03
1.011122367344796658e-03
1.011122367344796658e-03
1.011122367344796658e-03
1.011122367344796658e-03
1.011122367344796658e-03
1.011122367344796658e-03
1.011122367344796658e-03
1.011122367344796658e-03
1.011122367344796658e-03
1.011122367344796658e-03
1.011122367344796658e-03
1.011122367344796658e-03
1.011122367344796658e-03
1.011122367344796658e-03
1.011122367344796658e-03
1.011122367344796658e-03
1.011122367344796658e-03
1.011122367344796658e-03
1.011122367344796658e-03
1.011122367344796658e-03
1.011122367344796658e-03
1.011122367344796658e-03
1.011122367344796658e-03
1.011122367344796658e-03
1.011122367344796658e-03
1.011122367344796658e-03
1.010101055726408958e-03
1.011122367344796658e-03
1.011122367344796658e-03
1.011122367344796658e-03
1.011122367344796658e-03
1.011122367344796658e-03
1.011122367344796658e-03
1.011122367344796658e-03
1.011122367344796658e-03
1.011122367344796658e-03
1.011122367344796658e-03
1.011122367344796658e-03
1.011122367344796658e-03
1.011122367344796658e-03
1.011122367344796658e-03
1.011122367344796658e-03
1.011122367344796658e-03
1.011122367344796658e-03
1.011122367344796658e-03
1.011122367344796658e-03
1.011122367344796658e-03
1.011122367344796658e-03
1.011122367344796658e-03
1.011122367344796658e-03
1.011122367344796658e-03
1.011122367344796658e-03
1.011122367344796658e-03
1.011122367344796658e-03
1.011122367344796658e-03
1.011122367344796658e-03
1.011122367344796658e-03
1.011122367344796658e-03
1.011122367344796658e-03
1.011122367344796658e-03
1.011122367344796658e-03
1.010101055726408958e-03
1.011122367344796658e-03
1.011122367344796658e-03
1.011122367344796658e-03
1.011122367344796658e-03
1.011122367344796658e-03
1.011122367344796658e-03
1.011122367344796658e-03
1.011122367344796658e-03
1.011122367344796658e-03
1.010101055726408958e-03
1.011122367344796658e-03
1.011122367344796658e-03
1.011122367344796658e-03
1.011122367344796658e-03
1.011122367344796658e-03
1.011122367344796658e-03
1.011122367344796658e-03
1.011122367344796658e-03
1.011122367344796658e-03
1.011122367344796658e-03
1.011122367344796658e-03
1.011122367344796658e-03
1.011122367344796658e-03
1.011122367344796658e-03
1.011122367344796658e-03
1.011122367344796658e-03
1.011122367344796658e-03
1.011122367344796658e-03
1.011122367344796658e-03
1.011122367344796658e-03
1.011122367344796658e-03
1.011122367344796658e-03
1.011122367344796658e-03
1.011122367344796658e-03
1.011122367344796658e-03
1.011122367344796658e-03
1.111111119389533997e-01
1.011122367344796658e-03
1.011122367344796658e-03
1.011122367344796658e-03
1.011122367344796658e-03
1.011122367344796658e-03
1.011122367344796658e-03
1.011122367344796658e-03
1.011122367344796658e-03
1.011122367344796658e-03
1.011122367344796658e-03
1.011122367344796658e-03
1.011122367344796658e-03
1.011122367344796658e-03
1.010101055726408958e-03
1.011122367344796658e-03
1.011122367344796658e-03
1.011122367344796658e-03
1.011122367344796658e-03
1.011122367344796658e-03
1.011122367344796658e-03
1.011122367344796658e-03
1.011122367344796658e-03
1.011122367344796658e-03
1.011122367344796658e-03
1.011122367344796658e-03
1.011122367344796658e-03
1.011122367344796658e-03
1.011122367344796658e-03
1.011122367344796658e-03
1.010101055726408958e-03
1.011122367344796658e-03
1.011122367344796658e-03
1.011122367344796658e-03
1.011122367344796658e-03
1.011122367344796658e-03
1.011122367344796658e-03
1.011122367344796658e-03
1.011122367344796658e-03
1.011122367344796658e-03
1.011122367344796658e-03
1.011122367344796658e-03
1.011122367344796658e-03
1.011122367344796658e-03
1.011122367344796658e-03
1.011122367344796658e-03
1.011122367344796658e-03
1.011122367344796658e-03
1.011122367344796658e-03
1.011122367344796658e-03
1.011122367344796658e-03
1.011122367344796658e-03
1.011122367344796658e-03
1.011122367344796658e-03
1.011122367344796658e-03
1.011122367344796658e-03
1.011122367344796658e-03
1.011122367344796658e-03
1.011122367344796658e-03
1.010101055726408958e-03
1.011122367344796658e-03
1.011122367344796658e-03
1.011122367344796658e-03
1.011122367344796658e-03
1.011122367344796658e-03
1.011122367344796658e-03
1.011122367344796658e-03
1.011122367344796658e-03
1.011122367344796658e-03
1.011122367344796658e-03
1.011122367344796658e-03
1.011122367344796658e-03
1.011122367344796658e-03
1.011122367344796658e-03
1.011122367344796658e-03
1.011122367344796658e-03
1.011122367344796658e-03
1.011122367344796658e-03
1.011122367344796658e-03
1.011122367344796658e-03
1.011122367344796658e-03
1.011122367344796658e-03
1.011122367344796658e-03
1.011122367344796658e-03
1.011122367344796658e-03
1.011122367344796658e-03
1.011122367344796658e-03
1.011122367344796658e-03
1.011122367344796658e-03
1.011122367344796658e-03
1.011122367344796658e-03
1.011122367344796658e-03
1.011122367344796658e-03
1.011122367344796658e-03
1.011122367344796658e-03
1.011122367344796658e-03
1.011122367344796658e-03
1.011122367344796658e-03
1.011122367344796658e-03
1.011122367344796658e-03
1.010101055726408958e-03
1.011122367344796658e-03
1.011122367344796658e-03
1.011122367344796658e-03
1.011122367344796658e-03
1.011122367344796658e-03
1.011122367344796658e-03
1.011122367344796658e-03
1.011122367344796658e-03
1.011122367344796658e-03
1.011122367344796658e-03
1.011122367344796658e-03
1.011122367344796658e-03
1.010101055726408958e-03
1.011122367344796658e-03
1.009081723168492317e-03
1.011122367344796658e-03
1.011122367344796658e-03
1.010101055726408958e-03
1.011122367344796658e-03
1.011122367344796658e-03
1.011122367344796658e-03
1.011122367344796658e-03
1.011122367344796658e-03
1.011122367344796658e-03
1.011122367344796658e-03
1.011122367344796658e-03
1.011122367344796658e-03
1.011122367344796658e-03
1.011122367344796658e-03
1.011122367344796658e-03
1.011122367344796658e-03
1.011122367344796658e-03
1.011122367344796658e-03
1.011122367344796658e-03
1.011122367344796658e-03
1.011122367344796658e-03
1.011122367344796658e-03
1.011122367344796658e-03
1.010101055726408958e-03
1.011122367344796658e-03
1.011122367344796658e-03
1.011122367344796658e-03
1.011122367344796658e-03
1.010101055726408958e-03
1.011122367344796658e-03
1.011122367344796658e-03
1.011122367344796658e-03
1.011122367344796658e-03
1.011122367344796658e-03
1.011122367344796658e-03
1.011122367344796658e-03
1.011122367344796658e-03
1.011122367344796658e-03
1.011122367344796658e-03
1.011122367344796658e-03
1.011122367344796658e-03
1.011122367344796658e-03
1.011122367344796658e-03
1.011122367344796658e-03
1.011122367344796658e-03
1.011122367344796658e-03
1.011122367344796658e-03
1.011122367344796658e-03
1.011122367344796658e-03
1.011122367344796658e-03
1.011122367344796658e-03
1.011122367344796658e-03
1.011122367344796658e-03
1.011122367344796658e-03
1.011122367344796658e-03
1.011122367344796658e-03
1.011122367344796658e-03
1.011122367344796658e-03
1.011122367344796658e-03
1.011122367344796658e-03
1.011122367344796658e-03
1.011122367344796658e-03
1.011122367344796658e-03
1.011122367344796658e-03
1.011122367344796658e-03
1.011122367344796658e-03
1.010101055726408958e-03
1.011122367344796658e-03
1.011122367344796658e-03
1.011122367344796658e-03
1.011122367344796658e-03
1.011122367344796658e-03
1.011122367344796658e-03
1.011122367344796658e-03
1.011122367344796658e-03
1.011122367344796658e-03
1.011122367344796658e-03
1.011122367344796658e-03
1.011122367344796658e-03
1.011122367344796658e-03
1.011122367344796658e-03
1.011122367344796658e-03
1.011122367344796658e-03
1.011122367344796658e-03
1.011122367344796658e-03
1.011122367344796658e-03
1.011122367344796658e-03
1.011122367344796658e-03
1.011122367344796658e-03
1.011122367344796658e-03
1.011122367344796658e-03
1.011122367344796658e-03
1.011122367344796658e-03
1.011122367344796658e-03
1.011122367344796658e-03
1.011122367344796658e-03
1.011122367344796658e-03
1.011122367344796658e-03
1.011122367344796658e-03
1.011122367344796658e-03
1.011122367344796658e-03
1.011122367344796658e-03
1.011122367344796658e-03
1.011122367344796658e-03
1.011122367344796658e-03
1.011122367344796658e-03
1.011122367344796658e-03
1.011122367344796658e-03
1.011122367344796658e-03
1.009081723168492317e-03
1.011122367344796658e-03
1.011122367344796658e-03
1.011122367344796658e-03
1.011122367344796658e-03
1.011122367344796658e-03
1.011122367344796658e-03
1.011122367344796658e-03
1.011122367344796658e-03
1.011122367344796658e-03
1.011122367344796658e-03
1.011122367344796658e-03
1.011122367344796658e-03
1.011122367344796658e-03
1.011122367344796658e-03
1.011122367344796658e-03
1.011122367344796658e-03
1.011122367344796658e-03
1.011122367344796658e-03
1.011122367344796658e-03
1.011122367344796658e-03
1.011122367344796658e-03
1.011122367344796658e-03
1.011122367344796658e-03
1.011122367344796658e-03
1.011122367344796658e-03
1.011122367344796658e-03
1.011122367344796658e-03
1.011122367344796658e-03
1.011122367344796658e-03
1.011122367344796658e-03
1.011122367344796658e-03
1.011122367344796658e-03
1.011122367344796658e-03
1.011122367344796658e-03
1.011122367344796658e-03
1.011122367344796658e-03
1.011122367344796658e-03
1.011122367344796658e-03
1.011122367344796658e-03
1.011122367344796658e-03
1.011122367344796658e-03
9.756097570061683655e-04
1.011122367344796658e-03
1.011122367344796658e-03
1.011122367344796658e-03
1.011122367344796658e-03
1.011122367344796658e-03
1.011122367344796658e-03
1.011122367344796658e-03
1.011122367344796658e-03
1.011122367344796658e-03
1.011122367344796658e-03
1.011122367344796658e-03
1.011122367344796658e-03
1.011122367344796658e-03
1.011122367344796658e-03
1.011122367344796658e-03
1.011122367344796658e-03
1.011122367344796658e-03
1.011122367344796658e-03
1.011122367344796658e-03
1.011122367344796658e-03
1.011122367344796658e-03
1.011122367344796658e-03
1.011122367344796658e-03
1.011122367344796658e-03
1.011122367344796658e-03
1.011122367344796658e-03
1.011122367344796658e-03
1.011122367344796658e-03
1.011122367344796658e-03
1.011122367344796658e-03
1.011122367344796658e-03
1.011122367344796658e-03
1.011122367344796658e-03
1.011122367344796658e-03
1.010101055726408958e-03
1.011122367344796658e-03
1.011122367344796658e-03
1.011122367344796658e-03
1.011122367344796658e-03
1.011122367344796658e-03
1.011122367344796658e-03
1.011122367344796658e-03
1.011122367344796658e-03
1.011122367344796658e-03
1.011122367344796658e-03
1.011122367344796658e-03
1.011122367344796658e-03
1.011122367344796658e-03
1.011122367344796658e-03
1.011122367344796658e-03
1.011122367344796658e-03
1.011122367344796658e-03
1.011122367344796658e-03
1.011122367344796658e-03
1.011122367344796658e-03
1.011122367344796658e-03
1.011122367344796658e-03
1.011122367344796658e-03
1.011122367344796658e-03
1.011122367344796658e-03
1.011122367344796658e-03
1.011122367344796658e-03
1.011122367344796658e-03
1.011122367344796658e-03
1.011122367344796658e-03
1.011122367344796658e-03
1.011122367344796658e-03
1.010101055726408958e-03
1.011122367344796658e-03
1.011122367344796658e-03
1.011122367344796658e-03
1.011122367344796658e-03
1.011122367344796658e-03
1.010101055726408958e-03
1.011122367344796658e-03
1.011122367344796658e-03
1.011122367344796658e-03
1.011122367344796658e-03
1.011122367344796658e-03
1.011122367344796658e-03
1.011122367344796658e-03
1.011122367344796658e-03
1.011122367344796658e-03
1.011122367344796658e-03
1.011122367344796658e-03
1.011122367344796658e-03
1.011122367344796658e-03
1.011122367344796658e-03
1.011122367344796658e-03
1.011122367344796658e-03
1.011122367344796658e-03
1.011122367344796658e-03
1.011122367344796658e-03
1.011122367344796658e-03
1.011122367344796658e-03
1.011122367344796658e-03
1.011122367344796658e-03
1.011122367344796658e-03
1.011122367344796658e-03
1.011122367344796658e-03
1.011122367344796658e-03
1.011122367344796658e-03
1.011122367344796658e-03
1.011122367344796658e-03
1.011122367344796658e-03
1.011122367344796658e-03
1.011122367344796658e-03
1.011122367344796658e-03
1.011122367344796658e-03
1.011122367344796658e-03
1.011122367344796658e-03
1.011122367344796658e-03
1.011122367344796658e-03
1.011122367344796658e-03
1.011122367344796658e-03
1.011122367344796658e-03
1.011122367344796658e-03
1.011122367344796658e-03
1.011122367344796658e-03
1.011122367344796658e-03
1.011122367344796658e-03
1.011122367344796658e-03
1.011122367344796658e-03
1.011122367344796658e-03
1.011122367344796658e-03
1.011122367344796658e-03
1.011122367344796658e-03
1.011122367344796658e-03
1.011122367344796658e-03
1.011122367344796658e-03
1.011122367344796658e-03
1.011122367344796658e-03
1.011122367344796658e-03
1.011122367344796658e-03
1.011122367344796658e-03
1.011122367344796658e-03
1.011122367344796658e-03
1.011122367344796658e-03
1.010101055726408958e-03
1.010101055726408958e-03
1.010101055726408958e-03
1.011122367344796658e-03
1.011122367344796658e-03
1.011122367344796658e-03
1.011122367344796658e-03
1.011122367344796658e-03
1.011122367344796658e-03
1.011122367344796658e-03
1.011122367344796658e-03
1.011122367344796658e-03
1.011122367344796658e-03
1.011122367344796658e-03
1.011122367344796658e-03
1.011122367344796658e-03
1.011122367344796658e-03
1.011122367344796658e-03
1.011122367344796658e-03
1.011122367344796658e-03
1.011122367344796658e-03
1.011122367344796658e-03
1.011122367344796658e-03
1.011122367344796658e-03
1.011122367344796658e-03
1.010101055726408958e-03
1.011122367344796658e-03
1.011122367344796658e-03
1.011122367344796658e-03
1.011122367344796658e-03
1.011122367344796658e-03
1.011122367344796658e-03
1.011122367344796658e-03
1.011122367344796658e-03
1.011122367344796658e-03
1.011122367344796658e-03
1.011122367344796658e-03
1.011122367344796658e-03
1.011122367344796658e-03
1.011122367344796658e-03
1.011122367344796658e-03
1.011122367344796658e-03
1.011122367344796658e-03
1.011122367344796658e-03
1.011122367344796658e-03
1.011122367344796658e-03
1.011122367344796658e-03
1.011122367344796658e-03
1.011122367344796658e-03
1.011122367344796658e-03
1.011122367344796658e-03
1.011122367344796658e-03
1.011122367344796658e-03
1.011122367344796658e-03
1.011122367344796658e-03
1.011122367344796658e-03
1.011122367344796658e-03
1.011122367344796658e-03
1.011122367344796658e-03
1.011122367344796658e-03
1.011122367344796658e-03
1.011122367344796658e-03
1.011122367344796658e-03
1.011122367344796658e-03
1.011122367344796658e-03
1.011122367344796658e-03
1.011122367344796658e-03
1.011122367344796658e-03
1.011122367344796658e-03
1.011122367344796658e-03
1.011122367344796658e-03
1.011122367344796658e-03
1.011122367344796658e-03
1.011122367344796658e-03
1.011122367344796658e-03
1.011122367344796658e-03
1.011122367344796658e-03
1.011122367344796658e-03
1.011122367344796658e-03
1.011122367344796658e-03
1.011122367344796658e-03
1.011122367344796658e-03
1.010101055726408958e-03
1.011122367344796658e-03
1.011122367344796658e-03
1.011122367344796658e-03
1.011122367344796658e-03
1.011122367344796658e-03
1.011122367344796658e-03
1.011122367344796658e-03
1.011122367344796658e-03
1.011122367344796658e-03
1.011122367344796658e-03
1.011122367344796658e-03
1.011122367344796658e-03
1.011122367344796658e-03
1.011122367344796658e-03
1.011122367344796658e-03
1.011122367344796658e-03
1.011122367344796658e-03
1.011122367344796658e-03
1.011122367344796658e-03
1.011122367344796658e-03
1.011122367344796658e-03
1.011122367344796658e-03
1.011122367344796658e-03
1.011122367344796658e-03
1.011122367344796658e-03
1.011122367344796658e-03
1.011122367344796658e-03
1.011122367344796658e-03
1.011122367344796658e-03
1.011122367344796658e-03
1.011122367344796658e-03
1.011122367344796658e-03
1.011122367344796658e-03
1.011122367344796658e-03
1.011122367344796658e-03
1.011122367344796658e-03
1.011122367344796658e-03
1.011122367344796658e-03
1.011122367344796658e-03
1.011122367344796658e-03
1.011122367344796658e-03
1.011122367344796658e-03
1.011122367344796658e-03
1.011122367344796658e-03
1.011122367344796658e-03
1.011122367344796658e-03
1.011122367344796658e-03
1.011122367344796658e-03
1.011122367344796658e-03
1.011122367344796658e-03
1.011122367344796658e-03
1.011122367344796658e-03
1.011122367344796658e-03
1.011122367344796658e-03
1.011122367344796658e-03
1.011122367344796658e-03
1.011122367344796658e-03
1.011122367344796658e-03
1.011122367344796658e-03
1.011122367344796658e-03
1.011122367344796658e-03
1.011122367344796658e-03
1.011122367344796658e-03
1.011122367344796658e-03
1.011122367344796658e-03
1.011122367344796658e-03
1.011122367344796658e-03
1.011122367344796658e-03
1.010101055726408958e-03
1.011122367344796658e-03
1.011122367344796658e-03
1.011122367344796658e-03
1.011122367344796658e-03
1.011122367344796658e-03
1.011122367344796658e-03
1.011122367344796658e-03
1.010101055726408958e-03
1.011122367344796658e-03
1.011122367344796658e-03
1.011122367344796658e-03
1.011122367344796658e-03
1.011122367344796658e-03
1.011122367344796658e-03
1.011122367344796658e-03
1.011122367344796658e-03
1.011122367344796658e-03
1.011122367344796658e-03
1.011122367344796658e-03
1.010101055726408958e-03
1.011122367344796658e-03
1.011122367344796658e-03
1.011122367344796658e-03
1.011122367344796658e-03
1.011122367344796658e-03
1.011122367344796658e-03
1.011122367344796658e-03
1.011122367344796658e-03
1.011122367344796658e-03
1.011122367344796658e-03
1.011122367344796658e-03
1.011122367344796658e-03
1.011122367344796658e-03
1.010101055726408958e-03
1.011122367344796658e-03
1.011122367344796658e-03
1.011122367344796658e-03
1.011122367344796658e-03
1.011122367344796658e-03
1.011122367344796658e-03
1.011122367344796658e-03
1.011122367344796658e-03
1.011122367344796658e-03
1.011122367344796658e-03
1.011122367344796658e-03
1.011122367344796658e-03
1.011122367344796658e-03
1.011122367344796658e-03
1.010101055726408958e-03
1.011122367344796658e-03
1.011122367344796658e-03
1.011122367344796658e-03
1.011122367344796658e-03
1.011122367344796658e-03
1.011122367344796658e-03
1.011122367344796658e-03
1.010101055726408958e-03
1.011122367344796658e-03
1.011122367344796658e-03
1.011122367344796658e-03
1.011122367344796658e-03
1.011122367344796658e-03
1.011122367344796658e-03
1.011122367344796658e-03
1.011122367344796658e-03
1.011122367344796658e-03
1.011122367344796658e-03
1.011122367344796658e-03
1.011122367344796658e-03
1.011122367344796658e-03
1.011122367344796658e-03
1.011122367344796658e-03
1.011122367344796658e-03
1.011122367344796658e-03
1.011122367344796658e-03
1.011122367344796658e-03
1.011122367344796658e-03
1.011122367344796658e-03
1.011122367344796658e-03
1.011122367344796658e-03
1.011122367344796658e-03
1.011122367344796658e-03
1.011122367344796658e-03
1.010101055726408958e-03
1.011122367344796658e-03
1.011122367344796658e-03
1.011122367344796658e-03
1.011122367344796658e-03
1.011122367344796658e-03
1.011122367344796658e-03
1.011122367344796658e-03
1.011122367344796658e-03
1.011122367344796658e-03
1.011122367344796658e-03
1.011122367344796658e-03
3.921568859368562698e-03
1.011122367344796658e-03
1.011122367344796658e-03
1.011122367344796658e-03
1.011122367344796658e-03
1.010101055726408958e-03
1.011122367344796658e-03
1.007049344480037689e-03
1.011122367344796658e-03
1.014198758639395237e-03
1.010101055726408958e-03
1.011122367344796658e-03
1.011122367344796658e-03
1.011122367344796658e-03
2.457002410665154457e-03
2.433090005069971085e-03
2.298850566148757935e-03
2.283104928210377693e-03
2.188183832913637161e-03
5.181347019970417023e-03
5.000000074505805969e-02
1.111111138015985489e-02
2.183406148105859756e-03
2.183406148105859756e-03
2.222222276031970978e-03
2.314814832061529160e-03
2.314814832061529160e-03
2.336448524147272110e-03
2.364066196605563164e-03
2.610966097563505173e-03
2.257336396723985672e-03
2.207505516707897186e-03
2.252252306789159775e-03
2.680965233594179153e-03
2.159827155992388725e-03
2.222222276031970978e-03
3.333333507180213928e-02
2.857142873108386993e-02
2.941176481544971466e-02
4.545454680919647217e-02
4.545454680919647217e-02
4.761904943734407425e-03
7.874015718698501587e-03
2.890173345804214478e-03
2.212389372289180756e-03
2.212389372289180756e-03
2.314814832061529160e-03
2.336448524147272110e-03
2.331002382561564445e-03
2.331002382561564445e-03
2.487562131136655807e-03
3.012048080563545227e-03
2.267573727294802666e-03
2.688172040507197380e-03
2.392344409599900246e-03
1.111111119389533997e-01
1.111111119389533997e-01
4.166666790843009949e-02
3.802281338721513748e-03
8.547008968889713287e-03
7.299270015209913254e-03
1.111111138015985489e-02
1.011122367344796658e-03
3.225806355476379395e-02
